719.9843,-1621.5620,-0.2943,192.6770,VEHICLE,0,0
719.9754,-1621.5244,-0.3248,192.7935,VEHICLE,0,0
719.9685,-1621.4954,-0.3507,192.8669,VEHICLE,0,0
719.9703,-1621.5054,-0.3832,192.9393,VEHICLE,0,0
720.0316,-1621.7736,-0.4091,193.0018,VEHICLE,0,0
720.1429,-1622.2576,-0.4324,193.0499,VEHICLE,0,0
720.3197,-1623.0225,-0.4681,193.0846,VEHICLE,0,0
720.5301,-1623.9299,-0.5117,193.0874,VEHICLE,0,0
720.8181,-1625.1704,-0.5670,193.0535,VEHICLE,0,0
721.1658,-1626.6638,-0.6095,192.9046,VEHICLE,0,0
721.5792,-1628.4066,-0.6150,191.8176,VEHICLE,0,0
721.9933,-1630.3030,-0.5426,190.2147,VEHICLE,0,0
722.3721,-1632.3180,-0.4144,188.8453,VEHICLE,0,0
722.7224,-1634.4731,-0.2926,187.7398,VEHICLE,0,0
723.0593,-1636.8301,-0.2128,186.7415,VEHICLE,0,0
723.3789,-1639.3718,-0.1932,185.9058,VEHICLE,0,0
723.6902,-1642.1888,-0.2188,185.2235,VEHICLE,0,0
723.9712,-1645.0864,-0.2152,184.7001,VEHICLE,0,0
724.2375,-1648.1896,-0.1647,184.2737,VEHICLE,0,0
724.4772,-1651.2914,-0.0949,183.9553,VEHICLE,0,0
724.7135,-1654.6294,-0.0520,183.7395,VEHICLE,0,0
724.9201,-1657.7096,-0.0533,183.4942,VEHICLE,0,0
725.2126,-1662.4510,-0.0580,182.7785,VEHICLE,0,0
725.4073,-1666.2155,-0.0777,182.2929,VEHICLE,0,0
725.5824,-1670.2528,-0.1363,181.9006,VEHICLE,0,0
725.7202,-1673.9829,-0.2334,181.6159,VEHICLE,0,0
725.8544,-1678.2443,-0.3457,181.3572,VEHICLE,0,0
725.9644,-1682.4108,-0.3851,181.1652,VEHICLE,0,0
726.0547,-1686.5168,-0.3242,180.9994,VEHICLE,0,0
726.1309,-1690.4425,-0.1882,180.5308,VEHICLE,0,0
726.1748,-1693.9689,-0.0184,179.8553,VEHICLE,0,0
726.1792,-1697.8385,0.1820,179.1937,VEHICLE,0,0
726.1406,-1701.8435,0.3128,178.6532,VEHICLE,0,0
726.0657,-1706.0502,0.2984,178.1901,VEHICLE,0,0
725.9436,-1711.0063,0.0769,177.7525,VEHICLE,0,0
725.8027,-1715.5099,-0.2279,177.4273,VEHICLE,0,0
725.6254,-1720.1097,-0.4916,177.1495,VEHICLE,0,0
725.3964,-1725.0439,-0.6267,176.8561,VEHICLE,0,0
725.1721,-1729.2245,-0.4929,176.5460,VEHICLE,0,0
724.9659,-1732.6904,-0.2151,176.2860,VEHICLE,0,0
724.7499,-1736.0582,0.0672,176.1030,VEHICLE,0,0
724.4860,-1739.9767,0.2527,175.9534,VEHICLE,0,0
724.2355,-1743.6140,0.2611,175.8432,VEHICLE,0,0
723.9656,-1747.4773,0.1740,175.7433,VEHICLE,0,0
723.6400,-1752.0397,0.0282,175.5602,VEHICLE,0,0
723.2834,-1756.7949,-0.1646,175.1878,VEHICLE,0,0
722.9304,-1761.1362,-0.3442,174.8687,VEHICLE,0,0
722.4969,-1766.0642,-0.4648,174.5703,VEHICLE,0,0
722.0519,-1770.7854,-0.4509,174.4871,VEHICLE,0,0
721.5641,-1775.8519,-0.3077,174.7693,VEHICLE,0,0
721.1561,-1780.2639,-0.0929,175.0272,VEHICLE,0,0
720.8074,-1784.2062,0.1030,175.2146,VEHICLE,0,0
720.4122,-1788.8756,0.2349,175.3673,VEHICLE,0,0
720.0149,-1793.7678,0.2016,175.4521,VEHICLE,0,0
719.5595,-1799.5385,0.0468,175.4893,VEHICLE,0,0
719.0958,-1805.4628,-0.1032,175.4876,VEHICLE,0,0
718.6104,-1811.6270,-0.2456,175.4608,VEHICLE,0,0
718.0763,-1818.3489,-0.3044,175.4236,VEHICLE,0,0
717.6078,-1824.1929,-0.2443,175.4552,VEHICLE,0,0
717.1434,-1829.9966,-0.1504,176.1238,VEHICLE,0,0
716.7361,-1835.8334,-0.0305,177.1065,VEHICLE,0,0
716.4117,-1841.8082,0.0618,177.9054,VEHICLE,0,0
716.1566,-1848.0145,0.0557,178.5095,VEHICLE,0,0
715.9799,-1853.6576,0.0373,179.0471,VEHICLE,0,0
715.8557,-1859.3794,0.0160,179.9823,VEHICLE,0,0
715.8192,-1865.1980,-0.0235,180.8834,VEHICLE,0,0
715.9021,-1872.7021,-0.0926,181.7571,VEHICLE,0,0
716.0801,-1879.5133,-0.1936,182.3051,VEHICLE,0,0
716.3634,-1887.1167,-0.2607,182.6798,VEHICLE,0,0
716.6411,-1893.2805,-0.1657,182.8576,VEHICLE,0,0
716.9139,-1898.8804,0.0546,182.9844,VEHICLE,0,0
717.2101,-1904.6608,0.2503,182.6855,VEHICLE,0,0
717.5016,-1910.5405,0.1974,181.7263,VEHICLE,0,0
717.7680,-1917.3270,-0.1970,180.1368,VEHICLE,0,0
717.8776,-1923.4902,-0.5724,178.2226,VEHICLE,0,0
717.7510,-1929.3208,-0.4721,175.8105,VEHICLE,0,0
717.4497,-1933.7417,-0.2331,173.0816,VEHICLE,0,0
716.9688,-1937.9629,0.0405,169.2424,VEHICLE,0,0
716.2184,-1942.2875,0.1951,163.9064,VEHICLE,0,0
715.2240,-1946.2758,0.1434,157.9108,VEHICLE,0,0
713.0695,-1952.0299,-0.1004,147.8546,VEHICLE,0,0
710.5719,-1956.4159,-0.2864,139.0047,VEHICLE,0,0
707.9181,-1959.7269,-0.3881,130.8654,VEHICLE,0,0
704.9279,-1962.4850,-0.4131,123.1682,VEHICLE,0,0
701.6185,-1964.7603,-0.3068,117.3751,VEHICLE,0,0
697.9847,-1966.7223,-0.1497,113.3970,VEHICLE,0,0
694.0248,-1968.4900,-0.0191,111.1979,VEHICLE,0,0
689.7444,-1970.1670,0.0469,110.0762,VEHICLE,0,0
685.1717,-1971.8171,0.0405,109.5247,VEHICLE,0,0
680.3281,-1973.4940,-0.0441,108.8067,VEHICLE,0,0
675.8505,-1974.9951,-0.1754,107.2432,VEHICLE,0,0
671.3034,-1976.4259,-0.2982,104.6048,VEHICLE,0,0
665.7545,-1977.9115,-0.3196,101.1323,VEHICLE,0,0
661.1277,-1978.8584,-0.1443,99.1560,VEHICLE,0,0
657.0779,-1979.5225,0.0883,98.0638,VEHICLE,0,0
652.8713,-1980.1350,0.2647,97.3542,VEHICLE,0,0
648.4268,-1980.7374,0.3227,96.8463,VEHICLE,0,0
643.7552,-1981.3275,0.2632,96.2072,VEHICLE,0,0
638.2544,-1981.9421,0.1258,95.0677,VEHICLE,0,0
632.5590,-1982.4604,-0.0180,94.1353,VEHICLE,0,0
626.7183,-1982.8938,-0.1216,93.5216,VEHICLE,0,0
621.5410,-1983.2223,-0.1407,93.1461,VEHICLE,0,0
616.4057,-1983.5134,-0.0891,92.8388,VEHICLE,0,0
610.5249,-1983.8125,-0.0159,92.5752,VEHICLE,0,0
605.1008,-1984.0645,-0.0618,92.3922,VEHICLE,0,0
599.4943,-1984.3109,-0.2358,92.2362,VEHICLE,0,0
593.7728,-1984.5505,-0.4158,92.1099,VEHICLE,0,0
588.3151,-1984.7676,-0.4813,92.0982,VEHICLE,0,0
583.4001,-1984.9531,-0.3981,91.8694,VEHICLE,0,0
578.8141,-1985.1025,-0.2142,91.5894,VEHICLE,0,0
574.1362,-1985.2333,-0.0381,91.3488,VEHICLE,0,0
569.2802,-1985.3523,-0.0036,91.1844,VEHICLE,0,0
564.2374,-1985.4595,-0.0971,91.0911,VEHICLE,0,0
559.1176,-1985.5543,-0.1640,91.0349,VEHICLE,0,0
554.1815,-1985.6382,-0.1225,90.9226,VEHICLE,0,0
550.0093,-1985.7084,-0.0095,90.5609,VEHICLE,0,0
545.2565,-1985.7654,0.1519,89.8458,VEHICLE,0,0
540.3266,-1985.7689,0.2424,89.2234,VEHICLE,0,0
535.1699,-1985.7177,0.1741,88.7487,VEHICLE,0,0
530.4878,-1985.6365,0.0088,88.4243,VEHICLE,0,0
524.5289,-1985.4958,-0.1677,88.1345,VEHICLE,0,0
519.2994,-1985.3413,-0.2188,87.9727,VEHICLE,0,0
514.8299,-1985.1888,-0.1835,87.8431,VEHICLE,0,0
509.6573,-1984.9948,-0.1315,87.6850,VEHICLE,0,0
504.3423,-1984.7826,-0.1817,87.5542,VEHICLE,0,0
499.5686,-1984.5833,-0.2979,87.4659,VEHICLE,0,0
493.9937,-1984.3413,-0.4106,87.3995,VEHICLE,0,0
488.6953,-1984.1036,-0.4164,87.3668,VEHICLE,0,0
483.7203,-1983.8761,-0.3060,87.3324,VEHICLE,0,0
478.8156,-1983.6488,-0.1340,87.3031,VEHICLE,0,0
473.8017,-1983.4138,-0.0147,87.2922,VEHICLE,0,0
468.6234,-1983.1696,-0.0089,87.2921,VEHICLE,0,0
463.9998,-1982.9498,-0.0195,87.3480,VEHICLE,0,0
458.7552,-1982.7040,0.0213,87.5579,VEHICLE,0,0
454.2255,-1982.5045,0.1021,87.7129,VEHICLE,0,0
449.6563,-1982.3165,0.1938,87.8278,VEHICLE,0,0
444.9447,-1982.1328,0.2248,87.9233,VEHICLE,0,0
438.9955,-1981.9109,0.1407,88.0213,VEHICLE,0,0
434.0271,-1981.7330,0.0005,88.0834,VEHICLE,0,0
428.6885,-1981.5483,-0.1212,88.1845,VEHICLE,0,0
423.7430,-1981.3859,-0.1740,88.4636,VEHICLE,0,0
418.6395,-1981.2411,-0.1674,88.7649,VEHICLE,0,0
412.9874,-1981.1099,-0.1610,89.0297,VEHICLE,0,0
407.2668,-1981.0044,-0.2016,89.2267,VEHICLE,0,0
401.5026,-1980.9202,-0.2368,89.3785,VEHICLE,0,0
395.7871,-1980.8534,-0.2266,89.4942,VEHICLE,0,0
390.1986,-1980.7981,-0.1596,89.6549,VEHICLE,0,0
384.6477,-1980.7590,-0.0619,90.0087,VEHICLE,0,0
379.0016,-1980.7509,0.0171,90.3615,VEHICLE,0,0
373.7067,-1980.7690,0.0039,90.6386,VEHICLE,0,0
367.7876,-1980.8121,-0.1185,90.8932,VEHICLE,0,0
361.8193,-1980.8813,-0.2244,91.0637,VEHICLE,0,0
356.2776,-1980.9688,-0.2125,91.0989,VEHICLE,0,0
351.3309,-1981.0604,-0.0589,91.0737,VEHICLE,0,0
346.5575,-1981.1510,0.1632,91.0466,VEHICLE,0,0
341.6426,-1981.2408,0.2895,91.0109,VEHICLE,0,0
336.5438,-1981.3335,0.2101,90.9670,VEHICLE,0,0
331.2905,-1981.4292,-0.0061,90.9168,VEHICLE,0,0
325.9907,-1981.5231,-0.1719,90.8920,VEHICLE,0,0
320.9478,-1981.6066,-0.2015,90.8896,VEHICLE,0,0
316.0941,-1981.6824,-0.1163,90.8677,VEHICLE,0,0
311.1666,-1981.7571,-0.0300,90.8456,VEHICLE,0,0
306.0848,-1981.8324,-0.0747,90.8382,VEHICLE,0,0
300.8415,-1981.9084,-0.2566,90.8428,VEHICLE,0,0
295.5315,-1981.9854,-0.4229,90.8500,VEHICLE,0,0
290.4393,-1982.0598,-0.4587,90.8338,VEHICLE,0,0
285.6670,-1982.1292,-0.3550,90.8150,VEHICLE,0,0
280.3974,-1982.2034,-0.1576,90.7955,VEHICLE,0,0
274.3045,-1982.2877,-0.0557,90.7714,VEHICLE,0,0
267.9380,-1982.3767,-0.1437,90.7517,VEHICLE,0,0
262.7616,-1982.4492,-0.1947,90.7627,VEHICLE,0,0
257.7407,-1982.5187,-0.1442,90.7950,VEHICLE,0,0
252.9317,-1982.5856,-0.0063,90.8074,VEHICLE,0,0
248.0720,-1982.6542,0.1496,90.8001,VEHICLE,0,0
243.0112,-1982.7247,0.1963,90.8025,VEHICLE,0,0
237.7756,-1982.7952,0.1039,90.8176,VEHICLE,0,0
231.2924,-1982.8806,-0.0451,90.8377,VEHICLE,0,0
226.5638,-1982.9446,-0.1007,90.8347,VEHICLE,0,0
221.2771,-1983.0189,-0.0909,90.8181,VEHICLE,0,0
215.9734,-1983.0944,-0.0372,90.8052,VEHICLE,0,0
210.5392,-1983.1711,-0.0376,90.7971,VEHICLE,0,0
204.9496,-1983.2496,-0.1537,90.7878,VEHICLE,0,0
199.2687,-1983.3298,-0.2933,90.7833,VEHICLE,0,0
193.6884,-1983.4088,-0.3578,90.8088,VEHICLE,0,0
188.3606,-1983.4850,-0.3168,90.8514,VEHICLE,0,0
183.1809,-1983.5607,-0.1986,90.8803,VEHICLE,0,0
177.9196,-1983.6421,-0.0908,90.7411,VEHICLE,0,0
171.8353,-1983.7274,-0.0937,90.0139,VEHICLE,0,0
166.3363,-1983.7554,-0.1414,88.6158,VEHICLE,0,0
160.9548,-1983.6780,-0.1674,86.3452,VEHICLE,0,0
155.8844,-1983.4290,-0.1625,83.1432,VEHICLE,0,0
151.6624,-1983.0154,-0.1529,79.5451,VEHICLE,0,0
147.0105,-1982.2606,-0.1630,74.6016,VEHICLE,0,0
142.5650,-1981.1675,-0.2015,69.0521,VEHICLE,0,0
138.3975,-1979.7290,-0.2530,63.1413,VEHICLE,0,0
134.5721,-1977.9583,-0.2968,56.9474,VEHICLE,0,0
131.1194,-1975.8802,-0.3253,50.4556,VEHICLE,0,0
128.0101,-1973.4912,-0.3502,43.5910,VEHICLE,0,0
125.5665,-1971.1410,-0.3793,37.3046,VEHICLE,0,0
123.1301,-1968.1647,-0.3916,30.7131,VEHICLE,0,0
121.0460,-1964.8809,-0.3518,25.6299,VEHICLE,0,0
119.4551,-1961.7899,-0.2923,22.3318,VEHICLE,0,0
118.0155,-1958.4974,-0.2386,19.8921,VEHICLE,0,0
116.3372,-1954.0209,-0.1660,17.6906,VEHICLE,0,0
114.9658,-1949.8512,-0.0949,16.3644,VEHICLE,0,0
113.6666,-1945.5150,-0.0264,15.4638,VEHICLE,0,0
112.4063,-1941.0145,0.0363,14.8801,VEHICLE,0,0
111.1646,-1936.3726,0.0930,14.5094,VEHICLE,0,0
110.0789,-1932.2001,0.1300,14.3039,VEHICLE,0,0
108.9770,-1927.8989,0.1183,14.1346,VEHICLE,0,0
107.8443,-1923.4358,0.0359,13.7081,VEHICLE,0,0
106.7011,-1918.8204,-0.0869,13.1916,VEHICLE,0,0
105.5791,-1914.1300,-0.1924,12.7506,VEHICLE,0,0
104.5008,-1909.4581,-0.2488,12.4160,VEHICLE,0,0
103.3338,-1904.2227,-0.2396,12.1377,VEHICLE,0,0
102.2051,-1899.0071,-0.1716,11.9191,VEHICLE,0,0
101.2305,-1894.4136,-0.0954,11.7767,VEHICLE,0,0
100.2440,-1889.7064,-0.0440,11.6696,VEHICLE,0,0
99.2436,-1884.8904,-0.0279,11.4596,VEHICLE,0,0
98.2375,-1879.9635,-0.0320,11.2247,VEHICLE,0,0
97.0878,-1874.2051,-0.0475,11.0040,VEHICLE,0,0
96.0873,-1869.0912,-0.0588,10.8582,VEHICLE,0,0
95.1072,-1864.0048,-0.0485,10.7435,VEHICLE,0,0
94.1541,-1859.0001,-0.0027,10.6563,VEHICLE,0,0
93.2183,-1854.0430,0.0660,10.5961,VEHICLE,0,0
92.1420,-1848.3025,0.1299,10.5506,VEHICLE,0,0
91.0476,-1842.4382,0.1124,10.5222,VEHICLE,0,0
90.0711,-1837.1915,0.0263,10.5017,VEHICLE,0,0
89.0704,-1831.8015,-0.0912,10.4802,VEHICLE,0,0
88.0541,-1826.3132,-0.2233,10.4387,VEHICLE,0,0
87.0329,-1820.7777,-0.3444,10.2842,VEHICLE,0,0
85.9391,-1814.7653,-0.3931,10.0660,VEHICLE,0,0
85.1081,-1810.1082,-0.3093,9.8688,VEHICLE,0,0
84.3669,-1805.8713,-0.1452,9.6278,VEHICLE,0,0
83.5543,-1801.0991,0.0624,9.1521,VEHICLE,0,0
82.8527,-1796.8105,0.2060,8.7676,VEHICLE,0,0
82.0518,-1791.7393,0.2939,8.4182,VEHICLE,0,0
81.3489,-1787.1549,0.3244,8.1869,VEHICLE,0,0
80.6422,-1782.4266,0.2958,7.9664,VEHICLE,0,0
79.8301,-1776.8456,0.1350,7.6978,VEHICLE,0,0
79.0206,-1771.0852,-0.1124,7.4446,VEHICLE,0,0
78.3328,-1765.9874,-0.3026,7.2510,VEHICLE,0,0
77.6884,-1761.0273,-0.4220,7.0099,VEHICLE,0,0
77.0983,-1756.3025,-0.4516,6.6708,VEHICLE,0,0
76.5737,-1751.8939,-0.3792,6.3462,VEHICLE,0,0
76.0911,-1747.6288,-0.2387,6.0734,VEHICLE,0,0
75.6933,-1743.9604,-0.0996,5.8877,VEHICLE,0,0
75.2350,-1739.5845,0.0251,5.7183,VEHICLE,0,0
74.8385,-1735.7031,0.0709,5.6018,VEHICLE,0,0
74.3702,-1731.0343,0.0567,5.4891,VEHICLE,0,0
73.8983,-1726.2490,0.0174,5.4021,VEHICLE,0,0
73.4302,-1721.4156,-0.0010,5.3423,VEHICLE,0,0
72.9691,-1716.5677,0.0074,5.2875,VEHICLE,0,0
72.5114,-1711.6714,0.0276,5.2276,VEHICLE,0,0
72.0519,-1706.6823,0.0336,5.1727,VEHICLE,0,0
71.6560,-1702.3311,0.0171,5.1369,VEHICLE,0,0
71.2597,-1697.9313,-0.0007,5.1114,VEHICLE,0,0
70.7982,-1692.7456,-0.0154,5.1939,VEHICLE,0,0
70.3954,-1688.2450,-0.0223,5.3976,VEHICLE,0,0
69.9742,-1683.6797,-0.0355,5.6134,VEHICLE,0,0
69.5334,-1679.0743,-0.0577,5.8087,VEHICLE,0,0
69.0710,-1674.4100,-0.0829,5.9742,VEHICLE,0,0
68.5095,-1668.9274,-0.1095,6.1403,VEHICLE,0,0
67.9264,-1663.4094,-0.1378,6.2808,VEHICLE,0,0
67.3215,-1657.8335,-0.1712,6.3973,VEHICLE,0,0
66.7071,-1652.2893,-0.1896,6.4738,VEHICLE,0,0
66.1001,-1646.8962,-0.1674,6.5034,VEHICLE,0,0
65.5104,-1641.7019,-0.1005,6.5037,VEHICLE,0,0
64.9231,-1636.5392,0.0061,6.4970,VEHICLE,0,0
64.3562,-1631.5499,0.1325,6.4843,VEHICLE,0,0
63.7853,-1626.5236,0.2559,6.4759,VEHICLE,0,0
63.1995,-1621.3851,0.3286,6.4680,VEHICLE,0,0
62.5961,-1616.1256,0.2929,6.4340,VEHICLE,0,0
61.9751,-1610.7301,0.1456,6.3634,VEHICLE,0,0
61.3408,-1605.2216,-0.0764,5.9157,VEHICLE,0,0
60.7304,-1599.6610,-0.3158,4.8525,VEHICLE,0,0
60.2222,-1594.2440,-0.4962,3.7449,VEHICLE,0,0
59.8593,-1589.3011,-0.5487,2.8872,VEHICLE,0,0
59.5949,-1584.4204,-0.4384,2.2605,VEHICLE,0,0
59.4086,-1579.8700,-0.2253,1.8601,VEHICLE,0,0
59.2712,-1575.8378,-0.0448,1.6193,VEHICLE,0,0
59.1448,-1571.6527,0.0568,1.4403,VEHICLE,0,0
59.0254,-1567.2926,0.0764,1.3051,VEHICLE,0,0
58.9131,-1562.8022,0.0651,1.2072,VEHICLE,0,0
58.8223,-1558.8856,0.0742,1.1554,VEHICLE,0,0
58.7202,-1554.1744,0.1218,1.1224,VEHICLE,0,0
58.6259,-1549.5809,0.1885,1.1072,VEHICLE,0,0
58.5322,-1544.8705,0.2144,1.0897,VEHICLE,0,0
58.4371,-1540.0079,0.1569,1.0707,VEHICLE,0,0
58.3421,-1535.0361,0.0373,1.0584,VEHICLE,0,0
58.2479,-1529.9685,-0.0763,1.0480,VEHICLE,0,0
58.1557,-1524.8630,-0.1677,1.0291,VEHICLE,0,0
58.0647,-1519.7170,-0.2388,1.0180,VEHICLE,0,0
57.9740,-1514.5590,-0.2816,1.0127,VEHICLE,0,0
57.8845,-1509.4576,-0.2809,0.9850,VEHICLE,0,0
57.7980,-1504.4370,-0.2391,0.9414,VEHICLE,0,0
57.7144,-1499.4336,-0.1724,0.9033,VEHICLE,0,0
57.6452,-1495.1351,-0.1068,0.8713,VEHICLE,0,0
57.5751,-1490.7758,-0.0426,0.6874,VEHICLE,0,0
57.4987,-1485.6216,-0.0004,359.8414,VEHICLE,0,0
57.4692,-1480.4386,-0.0002,358.1924,VEHICLE,0,0
57.5468,-1475.2784,-0.0348,355.8729,VEHICLE,0,0
57.7968,-1470.1881,-0.0840,353.3328,VEHICLE,0,0
58.1794,-1465.9465,-0.1037,351.5074,VEHICLE,0,0
58.8103,-1461.1439,-0.0911,349.8732,VEHICLE,0,0
59.5974,-1456.4515,-0.0827,349.0978,VEHICLE,0,0
60.4717,-1451.7717,-0.1050,349.4420,VEHICLE,0,0
61.3445,-1447.1014,-0.1341,350.5476,VEHICLE,0,0
62.1559,-1442.4211,-0.1251,351.6223,VEHICLE,0,0
62.8810,-1437.7563,-0.0844,352.4810,VEHICLE,0,0
63.5299,-1433.0637,-0.0266,353.2043,VEHICLE,0,0
64.1246,-1428.3013,0.0241,353.9538,VEHICLE,0,0
64.6825,-1423.4561,0.0140,355.2027,VEHICLE,0,0
65.2313,-1417.7936,-0.0438,356.9618,VEHICLE,0,0
65.5833,-1412.7908,-0.0914,358.2578,VEHICLE,0,0
65.8111,-1407.7750,-0.1271,359.3156,VEHICLE,0,0
65.9329,-1402.7595,-0.1620,0.6649,VEHICLE,0,0
65.9449,-1398.5009,-0.1982,2.2074,VEHICLE,0,0
65.7929,-1393.0140,-0.2062,4.1629,VEHICLE,0,0
65.5050,-1388.2854,-0.1570,5.5346,VEHICLE,0,0
65.0948,-1383.5818,-0.0730,6.5834,VEHICLE,0,0
64.5826,-1378.8236,0.0127,7.3229,VEHICLE,0,0
63.9871,-1373.9664,0.0515,7.7950,VEHICLE,0,0
63.3497,-1369.1763,0.0339,8.1007,VEHICLE,0,0
62.6398,-1364.1158,-0.0021,8.3211,VEHICLE,0,0
61.8930,-1358.9806,-0.0351,8.4752,VEHICLE,0,0
61.1229,-1353.8032,-0.0603,8.5787,VEHICLE,0,0
60.3387,-1348.6023,-0.0759,8.6299,VEHICLE,0,0
59.4287,-1342.6072,-0.0795,8.6419,VEHICLE,0,0
58.6286,-1337.3448,-0.0716,8.6396,VEHICLE,0,0
57.8226,-1332.0520,-0.0591,8.5237,VEHICLE,0,0
56.9779,-1326.4719,-0.0724,7.8579,VEHICLE,0,0
56.1956,-1321.0083,-0.1224,6.4422,VEHICLE,0,0
55.5352,-1315.7209,-0.1780,4.6432,VEHICLE,0,0
55.0458,-1310.5826,-0.1926,3.0781,VEHICLE,0,0
54.7206,-1305.5939,-0.1576,1.8231,VEHICLE,0,0
54.5204,-1300.6956,-0.1165,0.4196,VEHICLE,0,0
54.4288,-1295.8018,-0.1112,358.3775,VEHICLE,0,0
54.4801,-1290.9156,-0.1501,355.5932,VEHICLE,0,0
54.7276,-1286.1368,-0.2164,352.2130,VEHICLE,0,0
55.2208,-1281.5635,-0.2663,348.8893,VEHICLE,0,0
55.9589,-1277.2606,-0.2547,346.2752,VEHICLE,0,0
56.7067,-1273.9165,-0.1987,344.6542,VEHICLE,0,0
58.0128,-1268.9944,-0.0837,342.6342,VEHICLE,0,0
59.2389,-1264.8859,-0.0443,340.7377,VEHICLE,0,0
60.5837,-1260.8362,-0.0596,338.6349,VEHICLE,0,0
62.1604,-1256.6047,-0.0732,336.7289,VEHICLE,0,0
63.9161,-1252.3540,-0.0758,335.2402,VEHICLE,0,0
66.1032,-1247.4847,-0.0662,333.9843,VEHICLE,0,0
68.1594,-1243.1775,-0.0546,333.1826,VEHICLE,0,0
70.3329,-1238.8068,-0.0502,332.5750,VEHICLE,0,0
72.6011,-1234.3739,-0.0663,331.8089,VEHICLE,0,0
74.9634,-1229.8909,-0.1200,330.4145,VEHICLE,0,0
77.0558,-1226.0974,-0.1664,329.0133,VEHICLE,0,0
80.2337,-1220.6987,-0.1846,327.3185,VEHICLE,0,0
82.8773,-1216.4854,-0.1665,326.3276,VEHICLE,0,0
85.6138,-1212.3191,-0.1579,326.0202,VEHICLE,0,0
88.7865,-1207.5905,-0.1856,326.9075,VEHICLE,0,0
91.8417,-1202.9534,-0.2239,328.9759,VEHICLE,0,0
94.2890,-1199.0240,-0.2414,331.4913,VEHICLE,0,0
96.5157,-1195.1083,-0.2419,334.6988,VEHICLE,0,0
98.3575,-1191.4313,-0.2366,338.3720,VEHICLE,0,0
100.0918,-1187.3214,-0.2390,343.1601,VEHICLE,0,0
101.4483,-1183.2616,-0.2603,348.4393,VEHICLE,0,0
102.3852,-1179.4722,-0.3760,352.7953,VEHICLE,0,0
102.9243,-1176.1543,-0.5150,356.2518,VEHICLE,0,0
103.1814,-1173.2843,-0.5421,359.7120,VEHICLE,0,0
103.2542,-1170.4845,-0.4407,4.6094,VEHICLE,0,0
103.0959,-1167.6117,-0.3360,10.6202,VEHICLE,0,0
102.6130,-1164.5912,-0.2749,16.2984,VEHICLE,0,0
101.9128,-1161.8770,-0.2688,20.2029,VEHICLE,0,0
100.9743,-1159.0671,-0.3184,23.6875,VEHICLE,0,0
99.6438,-1155.8003,-0.4160,27.9714,VEHICLE,0,0
98.0369,-1152.5944,-0.4324,31.6631,VEHICLE,0,0
96.1860,-1149.4756,-0.3607,34.3927,VEHICLE,0,0
94.1168,-1146.3701,-0.2580,36.2933,VEHICLE,0,0
91.8473,-1143.2195,-0.1719,37.4290,VEHICLE,0,0
89.7099,-1140.4026,-0.1098,37.3059,VEHICLE,0,0
87.2043,-1137.1306,-0.0216,36.4960,VEHICLE,0,0
84.9864,-1134.1794,0.0734,35.8257,VEHICLE,0,0
82.5019,-1130.8245,0.0575,35.1485,VEHICLE,0,0
80.1495,-1127.5986,-0.1448,34.0799,VEHICLE,0,0
78.0506,-1124.6068,-0.4092,32.5246,VEHICLE,0,0
76.3598,-1122.0310,-0.5546,30.5723,VEHICLE,0,0
75.1879,-1120.1052,-0.5518,28.4543,VEHICLE,0,0
74.0764,-1118.1084,-0.4853,25.8250,VEHICLE,0,0
73.2465,-1116.4551,-0.4346,23.8186,VEHICLE,0,0
72.4639,-1114.7458,-0.4009,22.0736,VEHICLE,0,0
71.6543,-1112.8407,-0.3959,19.7281,VEHICLE,0,0
70.8473,-1110.7396,-0.4389,16.1755,VEHICLE,0,0
70.1195,-1108.4521,-0.4694,12.4627,VEHICLE,0,0
69.5224,-1106.0112,-0.4404,9.3564,VEHICLE,0,0
69.1226,-1103.7601,-0.3082,6.6382,VEHICLE,0,0
68.8373,-1101.4044,-0.1305,4.5399,VEHICLE,0,0
68.6187,-1098.8427,-0.0226,2.8667,VEHICLE,0,0
68.4751,-1096.4733,-0.0255,1.7552,VEHICLE,0,0
68.3559,-1093.3457,-0.1411,0.7554,VEHICLE,0,0
68.3019,-1090.1666,-0.3025,0.1451,VEHICLE,0,0
68.2908,-1086.8865,-0.4018,359.7585,VEHICLE,0,0
68.3005,-1083.5767,-0.3890,359.4917,VEHICLE,0,0
68.3252,-1079.7405,-0.2807,359.2907,VEHICLE,0,0
68.3614,-1076.2599,-0.1965,359.1853,VEHICLE,0,0
68.4189,-1072.0902,-0.1760,359.1138,VEHICLE,0,0
68.4607,-1069.3588,-0.2138,359.0778,VEHICLE,0,0
68.5352,-1064.5586,-0.2893,358.9930,VEHICLE,0,0
68.5954,-1060.5057,-0.3264,358.5492,VEHICLE,0,0
68.6786,-1056.4508,-0.3047,357.8026,VEHICLE,0,0
68.8118,-1052.4084,-0.2254,357.1235,VEHICLE,0,0
68.9987,-1048.3192,-0.1170,356.5666,VEHICLE,0,0
69.2321,-1044.1246,-0.0367,356.1030,VEHICLE,0,0
69.5066,-1039.7817,-0.0162,355.7215,VEHICLE,0,0
69.8192,-1035.2987,-0.0332,355.4208,VEHICLE,0,0
70.1603,-1030.7460,-0.0419,354.8961,VEHICLE,0,0
70.5424,-1026.1420,-0.0441,353.7369,VEHICLE,0,0
71.0058,-1021.5589,-0.0204,352.5331,VEHICLE,0,0
71.5430,-1017.1121,-0.1085,351.5911,VEHICLE,0,0
72.1444,-1012.8073,-0.2059,350.8772,VEHICLE,0,0
72.7888,-1008.6608,-0.1887,350.3732,VEHICLE,0,0
73.4450,-1004.7089,-0.1455,350.0335,VEHICLE,0,0
74.0680,-1001.1224,-0.1509,350.0005,VEHICLE,0,0
74.6762,-997.6691,-0.1191,350.2654,VEHICLE,0,0
75.3410,-993.8171,-0.0576,350.6117,VEHICLE,0,0
76.1158,-989.2098,-0.0035,351.3749,VEHICLE,0,0
76.8714,-984.4893,-0.0320,353.3064,VEHICLE,0,0
77.4606,-980.1570,-0.0985,355.5231,VEHICLE,0,0
77.8990,-975.9365,-0.2468,357.2667,VEHICLE,0,0
78.1810,-972.0375,-0.4615,358.4804,VEHICLE,0,0
78.3260,-968.6085,-0.5483,359.7989,VEHICLE,0,0
78.3737,-965.5023,-0.4849,1.9211,VEHICLE,0,0
78.3192,-962.4740,-0.3613,5.0356,VEHICLE,0,0
78.1172,-959.4095,-0.2566,8.9133,VEHICLE,0,0
77.7045,-956.2399,-0.1883,12.5604,VEHICLE,0,0
77.0692,-952.9865,-0.1638,15.4947,VEHICLE,0,0
76.2035,-949.5387,-0.1791,18.1897,VEHICLE,0,0
75.1710,-946.1017,-0.2459,21.1363,VEHICLE,0,0
73.8761,-942.4822,-0.4209,24.1069,VEHICLE,0,0
72.4327,-939.1157,-0.4290,26.5574,VEHICLE,0,0
70.8736,-935.9166,-0.2647,28.4619,VEHICLE,0,0
69.3771,-933.0659,-0.1274,30.6098,VEHICLE,0,0
67.3864,-929.5916,-0.0795,34.3152,VEHICLE,0,0
65.1641,-926.1746,-0.1322,39.0091,VEHICLE,0,0
62.8173,-923.0571,-0.2986,43.5936,VEHICLE,0,0
60.2157,-920.1442,-0.4434,49.0295,VEHICLE,0,0
57.3616,-917.5501,-0.4222,55.5599,VEHICLE,0,0
54.7819,-915.6755,-0.3387,60.9641,VEHICLE,0,0
52.1925,-914.1506,-0.2950,64.8532,VEHICLE,0,0
49.3807,-912.7725,-0.2107,67.9957,VEHICLE,0,0
46.3401,-911.4824,-0.1757,71.3664,VEHICLE,0,0
43.0702,-910.3177,-0.1835,74.6388,VEHICLE,0,0
39.3883,-909.2530,-0.3196,77.3687,VEHICLE,0,0
35.9054,-908.4271,-0.3884,79.7870,VEHICLE,0,0
32.4100,-907.7586,-0.3488,81.9895,VEHICLE,0,0
28.7884,-907.2152,-0.2518,83.6931,VEHICLE,0,0
24.9699,-906.7629,-0.1801,84.9633,VEHICLE,0,0
20.9531,-906.3760,-0.1566,86.3058,VEHICLE,0,0
16.7636,-906.0699,-0.1574,87.5914,VEHICLE,0,0
12.4336,-905.8532,-0.1607,88.5895,VEHICLE,0,0
8.5229,-905.7272,-0.1604,89.3121,VEHICLE,0,0
4.5173,-905.6530,-0.1565,90.0960,VEHICLE,0,0
0.3939,-905.6354,-0.1569,90.7767,VEHICLE,0,0
-3.8340,-905.6711,-0.1577,91.3051,VEHICLE,0,0
-8.7815,-905.7671,-0.1377,91.7434,VEHICLE,0,0
-13.8091,-905.9085,-0.0864,92.0507,VEHICLE,0,0
-18.9543,-906.0850,-0.0353,92.2612,VEHICLE,0,0
-24.2412,-906.2897,-0.0279,92.3917,VEHICLE,0,0
-29.6709,-906.5155,-0.0351,92.4690,VEHICLE,0,0
-35.1562,-906.7530,-0.0152,92.5241,VEHICLE,0,0
-40.6906,-906.9987,0.0202,92.5171,VEHICLE,0,0
-46.3714,-907.2559,-0.0142,91.9179,VEHICLE,0,0
-52.9184,-907.5004,-0.1509,89.9925,VEHICLE,0,0
-58.7678,-907.5699,-0.2806,87.2357,VEHICLE,0,0
-64.1001,-907.4097,-0.3800,83.8645,VEHICLE,0,0
-68.6277,-907.0267,-0.4928,80.9204,VEHICLE,0,0
-72.1007,-906.5352,-0.5112,78.8477,VEHICLE,0,0
-74.8950,-906.0209,-0.4589,77.0527,VEHICLE,0,0
-76.6147,-905.6588,-0.4052,75.5172,VEHICLE,0,0
-79.3692,-904.9915,-0.2956,71.5349,VEHICLE,0,0
-81.8760,-904.2253,-0.2294,66.8282,VEHICLE,0,0
-84.3712,-903.2623,-0.2221,61.4560,VEHICLE,0,0
-86.8808,-902.0447,-0.2671,55.4451,VEHICLE,0,0
-89.3744,-900.5150,-0.3229,48.7841,VEHICLE,0,0
-91.9395,-898.4596,-0.3310,41.5063,VEHICLE,0,0
-94.1867,-896.0794,-0.2534,35.8963,VEHICLE,0,0
-96.2187,-893.4026,-0.1625,31.8402,VEHICLE,0,0
-97.9400,-890.7754,-0.1775,29.3568,VEHICLE,0,0
-99.3859,-888.3206,-0.3205,28.0178,VEHICLE,0,0
-100.8263,-885.6560,-0.4017,27.8104,VEHICLE,0,0
-102.2972,-882.8786,-0.3253,28.0168,VEHICLE,0,0
-103.6909,-880.2469,-0.2793,28.0421,VEHICLE,0,0
-104.9513,-877.8834,-0.2281,28.1289,VEHICLE,0,0
-106.2018,-875.5309,-0.2359,28.3906,VEHICLE,0,0
-107.4604,-873.1752,-0.3385,28.6006,VEHICLE,0,0
-108.6738,-870.9271,-0.4625,28.8449,VEHICLE,0,0
-110.0139,-868.4685,-0.4302,29.8712,VEHICLE,0,0
-111.4767,-865.8949,-0.2880,31.1385,VEHICLE,0,0
-112.7684,-863.7261,-0.2296,31.9645,VEHICLE,0,0
-114.4141,-861.0631,-0.2178,32.6898,VEHICLE,0,0
-115.7010,-859.0317,-0.2869,33.0877,VEHICLE,0,0
-117.2175,-856.6794,-0.4002,33.4203,VEHICLE,0,0
-118.7044,-854.4117,-0.4529,33.5713,VEHICLE,0,0
-120.3612,-851.9177,-0.4819,33.1487,VEHICLE,0,0
-121.9377,-849.5189,-0.4676,32.2425,VEHICLE,0,0
-123.2797,-847.4144,-0.4218,31.4881,VEHICLE,0,0
-124.5667,-845.3369,-0.4185,30.9268,VEHICLE,0,0
-126.0830,-842.8298,-0.4446,30.3626,VEHICLE,0,0
-127.3729,-840.6594,-0.5160,29.6251,VEHICLE,0,0
-128.7072,-838.3649,-0.5293,27.4097,VEHICLE,0,0
-129.7975,-836.3244,-0.5116,25.1153,VEHICLE,0,0
-130.7241,-834.4046,-0.4902,23.4161,VEHICLE,0,0
-131.5066,-832.6686,-0.4540,21.4724,VEHICLE,0,0
-132.4010,-830.5119,-0.4069,17.4997,VEHICLE,0,0
-133.1434,-828.3558,-0.4046,13.4184,VEHICLE,0,0
-133.7715,-826.0217,-0.4284,8.0035,VEHICLE,0,0
-134.1774,-823.6766,-0.4497,2.9846,VEHICLE,0,0
-134.3534,-821.3026,-0.4185,359.2404,VEHICLE,0,0
-134.3631,-819.1263,-0.3651,356.7818,VEHICLE,0,0
-134.2418,-816.5050,-0.2873,354.7357,VEHICLE,0,0
-134.0390,-814.0349,-0.2407,353.4578,VEHICLE,0,0
-133.7026,-810.9503,-0.2200,352.4215,VEHICLE,0,0
-133.2835,-807.7370,-0.2450,351.7180,VEHICLE,0,0
-132.8893,-805.0270,-0.3676,351.1118,VEHICLE,0,0
-132.4288,-802.0686,-0.4675,350.1965,VEHICLE,0,0
-131.9265,-799.1038,-0.3614,349.2778,VEHICLE,0,0
-131.4050,-796.2914,-0.2063,348.6051,VEHICLE,0,0
-130.8427,-793.4481,-0.1035,348.0900,VEHICLE,0,0
-130.1399,-790.0168,-0.1143,347.2166,VEHICLE,0,0
-129.4205,-786.6580,-0.3237,345.9098,VEHICLE,0,0
-128.7709,-783.8983,-0.5455,344.8613,VEHICLE,0,0
-128.0027,-780.9832,-0.5159,343.9493,VEHICLE,0,0
-127.1542,-778.0035,-0.2723,343.3075,VEHICLE,0,0
-126.2610,-774.9956,-0.0652,342.8933,VEHICLE,0,0
-125.2648,-771.7393,0.0159,342.6094,VEHICLE,0,0
-124.3135,-768.6913,-0.0184,342.1591,VEHICLE,0,0
-123.1332,-765.0223,-0.1141,341.5975,VEHICLE,0,0
-122.1943,-762.1824,-0.1744,341.2647,VEHICLE,0,0
-120.8782,-758.2850,-0.1891,340.9343,VEHICLE,0,0
-119.3726,-753.9124,-0.1418,340.6710,VEHICLE,0,0
-117.9327,-749.7983,-0.1064,340.6076,VEHICLE,0,0
-116.4269,-745.5212,-0.1207,341.0942,VEHICLE,0,0
-114.6665,-740.3980,-0.1552,341.7214,VEHICLE,0,0
-113.1282,-735.7834,-0.1913,342.1940,VEHICLE,0,0
-111.5887,-731.0400,-0.2037,342.8837,VEHICLE,0,0
-110.2767,-726.8462,-0.1736,343.4354,VEHICLE,0,0
-108.8224,-722.0206,-0.0948,343.9105,VEHICLE,0,0
-107.5749,-717.7493,-0.0038,344.2172,VEHICLE,0,0
-106.3257,-713.3824,0.0641,344.5815,VEHICLE,0,0
-105.0587,-708.8517,0.0701,344.9732,VEHICLE,0,0
-103.6835,-703.7982,0.0183,345.3205,VEHICLE,0,0
-102.4093,-699.0051,-0.0342,345.5849,VEHICLE,0,0
-100.9646,-693.4446,-0.0817,346.0824,VEHICLE,0,0
-99.7238,-688.5078,-0.1064,346.5443,VEHICLE,0,0
-98.5263,-683.5772,-0.1564,346.9248,VEHICLE,0,0
-97.5683,-679.5287,-0.2862,347.3690,VEHICLE,0,0
-96.5480,-675.0701,-0.3691,348.4193,VEHICLE,0,0
-95.6937,-671.0286,-0.3384,349.7473,VEHICLE,0,0
-94.9666,-667.1599,-0.2562,350.8663,VEHICLE,0,0
-94.3487,-663.4797,-0.1937,351.9185,VEHICLE,0,0
-93.7053,-659.1645,-0.1452,353.7712,VEHICLE,0,0
-93.1701,-654.7313,-0.1676,355.9684,VEHICLE,0,0
-92.7974,-650.3173,-0.2255,357.7077,VEHICLE,0,0
-92.5834,-646.0313,-0.2031,358.9798,VEHICLE,0,0
-92.4735,-642.2312,-0.2298,0.0012,VEHICLE,0,0
-92.4384,-637.8898,-0.2593,1.7684,VEHICLE,0,0
-92.5170,-634.0731,-0.2209,3.2852,VEHICLE,0,0
-92.7823,-628.9501,-0.1016,4.8319,VEHICLE,0,0
-93.0865,-624.9717,-0.0314,5.6795,VEHICLE,0,0
-93.4675,-620.8668,-0.0113,6.3083,VEHICLE,0,0
-93.8929,-616.8080,-0.1326,6.8017,VEHICLE,0,0
-94.3360,-612.9161,-0.3618,7.5283,VEHICLE,0,0
-94.7937,-609.2689,-0.4689,8.9450,VEHICLE,0,0
-95.3342,-605.6715,-0.3972,11.0203,VEHICLE,0,0
-95.8292,-602.9725,-0.2480,12.4846,VEHICLE,0,0
-96.5714,-599.5111,-0.0418,14.0215,VEHICLE,0,0
-97.4930,-595.6669,0.0407,15.9504,VEHICLE,0,0
-98.4363,-592.1130,-0.0324,18.3629,VEHICLE,0,0
-99.7151,-587.9498,-0.1679,21.4339,VEHICLE,0,0
-101.0292,-584.3300,-0.2382,23.6601,VEHICLE,0,0
-102.2832,-581.2838,-0.2490,25.1931,VEHICLE,0,0
-104.3716,-576.7433,-0.1771,26.9704,VEHICLE,0,0
-106.1178,-573.2316,-0.1076,27.9819,VEHICLE,0,0
-107.7185,-570.1548,-0.0757,28.6267,VEHICLE,0,0
-109.8093,-566.2750,-0.0766,29.1993,VEHICLE,0,0
-111.9088,-562.4835,-0.1235,29.8691,VEHICLE,0,0
-114.1214,-558.5974,-0.1956,31.1450,VEHICLE,0,0
-116.7313,-554.2176,-0.2671,33.2705,VEHICLE,0,0
-119.0797,-550.5374,-0.3005,35.4452,VEHICLE,0,0
-121.3514,-547.2302,-0.3954,37.1173,VEHICLE,0,0
-123.5180,-544.2958,-0.4118,38.2641,VEHICLE,0,0
-125.6339,-541.5836,-0.2906,39.0198,VEHICLE,0,0
-128.1105,-538.5078,-0.1130,39.9782,VEHICLE,0,0
-130.4175,-535.7259,-0.0148,40.8208,VEHICLE,0,0
-132.8773,-532.8454,-0.0030,41.4936,VEHICLE,0,0
-135.7451,-529.5792,-0.1461,42.0925,VEHICLE,0,0
-138.6541,-526.3371,-0.2775,43.1000,VEHICLE,0,0
-141.1918,-523.5886,-0.3034,44.6380,VEHICLE,0,0
-143.7393,-520.9628,-0.2359,46.1932,VEHICLE,0,0
-146.7573,-518.0298,-0.0958,47.6376,VEHICLE,0,0
-149.9761,-515.0580,-0.0131,48.7601,VEHICLE,0,0
-152.9709,-512.3896,-0.0293,49.5194,VEHICLE,0,0
-156.1092,-509.6655,-0.1021,50.0957,VEHICLE,0,0
-159.7323,-506.5946,-0.1916,50.5594,VEHICLE,0,0
-162.9078,-503.9595,-0.1937,50.8716,VEHICLE,0,0
-166.5205,-501.0072,-0.1128,51.1689,VEHICLE,0,0
-170.1785,-498.0464,-0.0193,51.8328,VEHICLE,0,0
-173.9003,-495.0934,-0.0506,53.2673,VEHICLE,0,0
-177.7311,-492.1836,-0.1688,55.4455,VEHICLE,0,0
-181.4236,-489.5647,-0.3152,58.0826,VEHICLE,0,0
-184.9369,-487.2840,-0.3960,61.0660,VEHICLE,0,0
-188.1193,-485.4447,-0.3702,63.9088,VEHICLE,0,0
-191.2545,-483.8525,-0.2528,66.2130,VEHICLE,0,0
-194.9469,-482.1864,-0.0894,68.3622,VEHICLE,0,0
-198.8806,-480.5805,-0.0211,70.1978,VEHICLE,0,0
-202.5477,-479.2060,-0.0752,71.4393,VEHICLE,0,0
-206.9613,-477.6755,-0.2112,72.4821,VEHICLE,0,0
-210.6880,-476.4692,-0.2870,73.1540,VEHICLE,0,0
-214.6331,-475.2461,-0.3050,74.0469,VEHICLE,0,0
-218.4883,-474.1162,-0.2555,75.3202,VEHICLE,0,0
-222.3086,-473.0832,-0.1437,76.5374,VEHICLE,0,0
-226.7901,-471.9794,-0.0121,77.6308,VEHICLE,0,0
-231.4957,-470.9181,0.0137,78.4427,VEHICLE,0,0
-235.7729,-470.0151,-0.0490,79.0057,VEHICLE,0,0
-240.7913,-469.0089,-0.1256,79.9985,VEHICLE,0,0
-245.8400,-468.0792,-0.1675,81.5494,VEHICLE,0,0
-250.8734,-467.2853,-0.1682,83.0256,VEHICLE,0,0
-255.0603,-466.7215,-0.2929,83.9431,VEHICLE,0,0
-259.4260,-466.2229,-0.2651,84.8530,VEHICLE,0,0
-263.9275,-465.7839,-0.2885,85.9708,VEHICLE,0,0
-268.2467,-465.4485,-0.3207,87.3696,VEHICLE,0,0
-271.9754,-465.2486,-0.2521,88.4901,VEHICLE,0,0
-275.6795,-465.1245,-0.1711,89.3651,VEHICLE,0,0
-279.1327,-465.0613,-0.2159,90.1625,VEHICLE,0,0
-282.5569,-465.0443,-0.2539,91.4915,VEHICLE,0,0
-286.0075,-465.0966,-0.2565,93.5079,VEHICLE,0,0
-289.3444,-465.2494,-0.3385,95.4727,VEHICLE,0,0
-292.3382,-465.4853,-0.4636,96.8819,VEHICLE,0,0
-295.2600,-465.8089,-0.3785,97.9737,VEHICLE,0,0
-298.0691,-466.1829,-0.2829,98.7061,VEHICLE,0,0
-301.2416,-466.6491,-0.2682,99.6079,VEHICLE,0,0
-304.2622,-467.1421,-0.3724,100.3635,VEHICLE,0,0
-306.7153,-467.5765,-0.4988,100.9479,VEHICLE,0,0
-309.4058,-468.0774,-0.5083,102.5023,VEHICLE,0,0
-311.7722,-468.5688,-0.4035,105.0478,VEHICLE,0,0
-314.5298,-469.2628,-0.2590,109.0731,VEHICLE,0,0
-317.3918,-470.1772,-0.1655,114.1028,VEHICLE,0,0
-320.3222,-471.3723,-0.1567,119.9322,VEHICLE,0,0
-322.8865,-472.6839,-0.2174,125.5157,VEHICLE,0,0
-325.2290,-474.1435,-0.3745,130.2134,VEHICLE,0,0
-327.5632,-475.9310,-0.5364,135.0495,VEHICLE,0,0
-329.3818,-477.6268,-0.5213,139.5521,VEHICLE,0,0
-331.0362,-479.4484,-0.4199,144.3844,VEHICLE,0,0
-332.5628,-481.4372,-0.3054,149.5886,VEHICLE,0,0
-333.9596,-483.6270,-0.2255,155.0829,VEHICLE,0,0
-335.2020,-486.0359,-0.2024,160.7890,VEHICLE,0,0
-336.2391,-488.6540,-0.2105,166.0074,VEHICLE,0,0
-337.0522,-491.4646,-0.2273,170.2150,VEHICLE,0,0
-337.6561,-494.4296,-0.2461,173.4865,VEHICLE,0,0
-338.0826,-497.5253,-0.2457,176.0151,VEHICLE,0,0
-338.3676,-500.7208,-0.2233,178.3794,VEHICLE,0,0
-338.5167,-504.0212,-0.1767,180.5406,VEHICLE,0,0
-338.5270,-507.9240,-0.1281,182.4608,VEHICLE,0,0
-338.3637,-512.5558,-0.1375,183.9929,VEHICLE,0,0
-338.0526,-517.4066,-0.1925,185.1567,VEHICLE,0,0
-337.6204,-522.4073,-0.2003,186.5087,VEHICLE,0,0
-337.1296,-526.9229,-0.1535,187.4788,VEHICLE,0,0
-336.6151,-531.0195,-0.1042,188.1211,VEHICLE,0,0
-336.0459,-535.1581,-0.0567,188.6812,VEHICLE,0,0
-335.4261,-539.3874,-0.0197,189.6711,VEHICLE,0,0
-334.7343,-543.6959,-0.0094,191.2661,VEHICLE,0,0
-333.7990,-548.7104,-0.0241,193.5730,VEHICLE,0,0
-332.8141,-553.1334,-0.0316,195.3900,VEHICLE,0,0
-331.4882,-558.2451,-0.0395,197.0551,VEHICLE,0,0
-330.1755,-562.7667,-0.0662,198.3889,VEHICLE,0,0
-328.7217,-567.3690,-0.1237,200.0578,VEHICLE,0,0
-327.1277,-571.9562,-0.1682,201.6134,VEHICLE,0,0
-325.4137,-576.4621,-0.1839,202.8413,VEHICLE,0,0
-323.5900,-580.9216,-0.1728,203.8360,VEHICLE,0,0
-321.4682,-585.8254,-0.1516,205.1763,VEHICLE,0,0
-319.4632,-590.2002,-0.1371,206.7866,VEHICLE,0,0
-317.2838,-594.6281,-0.1023,208.4129,VEHICLE,0,0
-315.0326,-598.9047,-0.0513,209.7031,VEHICLE,0,0
-312.6402,-603.1954,-0.0026,210.7043,VEHICLE,0,0
-310.1666,-607.4404,0.0297,211.4538,VEHICLE,0,0
-307.1483,-612.4476,0.0307,212.1397,VEHICLE,0,0
-304.3965,-616.8984,-0.0127,212.9801,VEHICLE,0,0
-301.1327,-622.0124,-0.0889,214.4012,VEHICLE,0,0
-297.7770,-627.0137,-0.1367,215.7109,VEHICLE,0,0
-294.7762,-631.2750,-0.1522,216.6162,VEHICLE,0,0
-291.7010,-635.4777,-0.1437,217.3293,VEHICLE,0,0
-288.4823,-639.7451,-0.1134,217.8871,VEHICLE,0,0
-285.2870,-643.8872,-0.0753,218.2917,VEHICLE,0,0
-282.0151,-648.0599,-0.0475,218.5955,VEHICLE,0,0
-278.6754,-652.2671,-0.0461,218.8159,VEHICLE,0,0
-275.2581,-656.5323,-0.0557,219.0108,VEHICLE,0,0
-271.7851,-660.8325,-0.0669,219.2523,VEHICLE,0,0
-268.2441,-665.1786,-0.0835,219.4577,VEHICLE,0,0
-264.6583,-669.5463,-0.1019,219.6143,VEHICLE,0,0
-261.0640,-673.8982,-0.1119,219.7295,VEHICLE,0,0
-257.4836,-678.2143,-0.1090,219.8090,VEHICLE,0,0
-253.9027,-682.5171,-0.0969,219.8657,VEHICLE,0,0
-250.3212,-686.8106,-0.0780,219.9122,VEHICLE,0,0
-246.7182,-691.1220,-0.0519,219.9492,VEHICLE,0,0
-243.1090,-695.4351,-0.0240,219.9754,VEHICLE,0,0
-239.4844,-699.7620,-0.0038,219.9979,VEHICLE,0,0
-235.8264,-704.1254,0.0043,220.0171,VEHICLE,0,0
-232.1328,-708.5278,0.0048,220.0297,VEHICLE,0,0
-228.4051,-712.9679,0.0010,220.0361,VEHICLE,0,0
-224.6500,-717.4379,-0.0089,220.0409,VEHICLE,0,0
-220.8734,-721.9310,-0.0219,220.0443,VEHICLE,0,0
-217.1249,-726.3889,-0.0292,220.0457,VEHICLE,0,0
-213.3866,-730.8335,-0.0294,220.0359,VEHICLE,0,0
-210.1715,-734.6531,-0.0354,219.8474,VEHICLE,0,0
-206.4368,-739.1036,-0.0764,219.0580,VEHICLE,0,0
-202.8308,-743.4878,-0.1298,217.8466,VEHICLE,0,0
-199.8771,-747.2062,-0.1474,216.9202,VEHICLE,0,0
-197.0648,-750.8759,-0.1324,216.1602,VEHICLE,0,0
-194.3553,-754.5297,-0.0938,215.5547,VEHICLE,0,0
-191.7260,-758.1693,-0.0441,215.0603,VEHICLE,0,0
-189.1191,-761.8436,-0.0123,214.3953,VEHICLE,0,0
-186.0782,-766.2267,-0.0096,213.3899,VEHICLE,0,0
-183.0621,-770.7191,-0.0217,212.4898,VEHICLE,0,0
-180.0828,-775.3082,-0.0412,211.7812,VEHICLE,0,0
-177.1499,-779.9631,-0.0582,211.2483,VEHICLE,0,0
-174.2626,-784.6612,-0.0710,210.8413,VEHICLE,0,0
-171.4049,-789.4037,-0.0773,210.5307,VEHICLE,0,0
-168.5861,-794.1484,-0.0745,210.1292,VEHICLE,0,0
-165.8220,-798.8687,-0.0912,209.1812,VEHICLE,0,0
-163.0592,-803.7433,-0.1249,207.7093,VEHICLE,0,0
-160.5598,-808.3943,-0.1242,206.4242,VEHICLE,0,0
-158.2192,-813.0013,-0.0796,205.4248,VEHICLE,0,0
-155.9777,-817.6378,-0.0118,204.6361,VEHICLE,0,0
-153.7996,-822.3232,0.0442,204.0067,VEHICLE,0,0
-151.6285,-827.1339,0.0469,203.5093,VEHICLE,0,0
-149.4741,-832.0217,-0.0032,203.1781,VEHICLE,0,0
-147.4708,-836.6520,-0.0860,203.2803,VEHICLE,0,0
-145.5280,-841.1613,-0.1833,203.8721,VEHICLE,0,0
-143.6197,-845.5274,-0.2713,204.8775,VEHICLE,0,0
-141.8332,-849.4845,-0.3302,206.1225,VEHICLE,0,0
-139.8291,-853.6953,-0.3615,207.8468,VEHICLE,0,0
-137.8840,-857.5001,-0.3495,209.8006,VEHICLE,0,0
-136.0003,-860.9188,-0.3654,211.5103,VEHICLE,0,0
-134.2483,-863.8699,-0.3588,213.2174,VEHICLE,0,0
-132.2763,-866.9427,-0.2726,214.9081,VEHICLE,0,0
-130.3817,-869.7106,-0.1543,216.1521,VEHICLE,0,0
-128.2258,-872.7224,-0.0649,217.6580,VEHICLE,0,0
-126.1148,-875.5433,-0.0507,219.5266,VEHICLE,0,0
-123.5338,-878.7751,-0.0640,222.0101,VEHICLE,0,0
-121.4471,-881.2026,-0.0638,223.6920,VEHICLE,0,0
-118.6007,-884.2877,-0.0623,225.4707,VEHICLE,0,0
-116.1185,-886.8194,-0.0727,226.7850,VEHICLE,0,0
-113.3605,-889.5020,-0.0960,228.4574,VEHICLE,0,0
-110.0727,-892.5116,-0.1204,230.5482,VEHICLE,0,0
-107.1960,-894.9714,-0.1141,232.0602,VEHICLE,0,0
-103.5290,-897.9097,-0.0828,233.6076,VEHICLE,0,0
-99.6990,-900.8036,-0.0694,235.4704,VEHICLE,0,0
-96.0835,-903.3809,-0.0941,237.6757,VEHICLE,0,0
-92.1094,-906.0080,-0.1435,240.4708,VEHICLE,0,0
-88.1596,-908.3737,-0.1897,243.5267,VEHICLE,0,0
-84.0870,-910.5289,-0.2145,246.9594,VEHICLE,0,0
-80.5906,-912.1329,-0.2102,250.1756,VEHICLE,0,0
-77.1663,-913.4779,-0.1914,253.5971,VEHICLE,0,0
-73.4584,-914.6765,-0.1648,257.4856,VEHICLE,0,0
-69.5501,-915.6492,-0.1185,261.0598,VEHICLE,0,0
-65.3442,-916.4022,-0.0618,264.0118,VEHICLE,0,0
-61.2735,-916.9122,-0.0536,266.1332,VEHICLE,0,0
-56.4513,-917.3094,-0.0999,267.9230,VEHICLE,0,0
-51.4910,-917.5438,-0.1484,269.1832,VEHICLE,0,0
-46.9494,-917.6456,-0.1532,269.9949,VEHICLE,0,0
-41.8847,-917.6700,-0.1106,270.6410,VEHICLE,0,0
-36.7687,-917.6296,-0.0402,271.0766,VEHICLE,0,0
-31.4922,-917.5411,-0.0049,271.3460,VEHICLE,0,0
-25.9593,-917.4146,-0.0429,271.5009,VEHICLE,0,0
-20.3249,-917.2651,-0.1114,271.5241,VEHICLE,0,0
-15.3606,-917.1246,-0.1643,271.0397,VEHICLE,0,0
-10.4589,-917.0103,-0.2122,269.7105,VEHICLE,0,0
-5.7994,-916.9827,-0.2582,267.6671,VEHICLE,0,0
-1.6045,-917.0811,-0.3639,265.4523,VEHICLE,0,0
1.9417,-917.3009,-0.3996,262.7458,VEHICLE,0,0
5.4157,-917.6788,-0.3560,259.1923,VEHICLE,0,0
8.7542,-918.2485,-0.2515,255.8021,VEHICLE,0,0
12.1300,-919.0355,-0.1372,253.0071,VEHICLE,0,0
15.6677,-920.0503,-0.0801,250.7406,VEHICLE,0,0
19.2746,-921.2374,-0.1125,249.0117,VEHICLE,0,0
22.8196,-922.5239,-0.2539,247.8089,VEHICLE,0,0
25.8116,-923.6981,-0.3143,247.0401,VEHICLE,0,0
28.7140,-924.8994,-0.2834,246.4372,VEHICLE,0,0
31.4808,-926.0870,-0.2761,245.9030,VEHICLE,0,0
33.9672,-927.1833,-0.3202,245.2712,VEHICLE,0,0
36.6484,-928.4016,-0.3994,244.0461,VEHICLE,0,0
38.7072,-929.3788,-0.4615,242.5591,VEHICLE,0,0
40.7364,-930.3972,-0.4873,240.3801,VEHICLE,0,0
42.6128,-931.4081,-0.4494,237.2774,VEHICLE,0,0
44.7993,-932.7332,-0.3819,232.5378,VEHICLE,0,0
46.6717,-934.0468,-0.3425,227.6511,VEHICLE,0,0
48.7735,-935.7932,-0.3312,221.2355,VEHICLE,0,0
50.7141,-937.7951,-0.3182,214.8517,VEHICLE,0,0
51.9534,-939.3705,-0.2765,211.0776,VEHICLE,0,0
53.8497,-942.2943,-0.2802,206.5957,VEHICLE,0,0
54.8658,-944.1362,-0.3470,204.7643,VEHICLE,0,0
55.8748,-946.1893,-0.4367,203.3585,VEHICLE,0,0
56.7278,-948.0972,-0.4931,202.3924,VEHICLE,0,0
57.5139,-949.9788,-0.4987,201.4956,VEHICLE,0,0
58.2668,-951.8764,-0.4544,200.5631,VEHICLE,0,0
59.0495,-953.9296,-0.3471,199.8886,VEHICLE,0,0
59.8917,-956.2253,-0.2607,199.3128,VEHICLE,0,0
60.7264,-958.5465,-0.2593,197.9249,VEHICLE,0,0
61.5489,-960.9411,-0.3324,195.1605,VEHICLE,0,0
62.2718,-963.3227,-0.4572,192.3845,VEHICLE,0,0
62.8432,-965.6426,-0.4943,190.1638,VEHICLE,0,0
63.2900,-968.0000,-0.3648,188.3906,VEHICLE,0,0
63.6718,-970.4647,-0.2025,186.6772,VEHICLE,0,0
64.0064,-973.1095,-0.0937,185.0567,VEHICLE,0,0
64.2901,-975.9727,-0.0825,183.7518,VEHICLE,0,0
64.5183,-979.0313,-0.1534,182.7345,VEHICLE,0,0
64.6946,-982.2532,-0.2340,181.6086,VEHICLE,0,0
64.8074,-985.5563,-0.2394,180.5249,VEHICLE,0,0
64.8583,-988.9042,-0.1699,179.6770,VEHICLE,0,0
64.8576,-992.3665,-0.0944,179.0623,VEHICLE,0,0
64.8047,-996.5098,-0.0718,178.5815,VEHICLE,0,0
64.7227,-1000.3163,-0.1163,178.2797,VEHICLE,0,0
64.6155,-1004.2570,-0.1812,178.0506,VEHICLE,0,0
64.4873,-1008.3082,-0.2309,177.8719,VEHICLE,0,0
64.3417,-1012.4437,-0.2606,177.7150,VEHICLE,0,0
64.1841,-1016.6212,-0.2463,177.3444,VEHICLE,0,0
64.0034,-1020.7702,-0.1716,176.8059,VEHICLE,0,0
63.7861,-1024.9005,-0.0478,176.3303,VEHICLE,0,0
63.5291,-1029.0936,0.0834,175.9451,VEHICLE,0,0
63.1904,-1034.0497,0.1610,175.5791,VEHICLE,0,0
62.8628,-1038.5603,0.1421,174.8987,VEHICLE,0,0
62.5131,-1042.8806,0.0606,173.8603,VEHICLE,0,0
62.0504,-1047.6769,-0.0829,172.7868,VEHICLE,0,0
61.4903,-1052.5746,-0.2596,171.8924,VEHICLE,0,0
60.7906,-1057.8492,-0.4050,171.2320,VEHICLE,0,0
60.1938,-1061.8917,-0.4689,171.1752,VEHICLE,0,0
59.5297,-1066.1969,-0.4517,171.7957,VEHICLE,0,0
58.9734,-1069.9481,-0.3317,173.1133,VEHICLE,0,0
58.5277,-1073.4075,-0.1501,175.1339,VEHICLE,0,0
58.1951,-1076.8224,0.0393,177.8604,VEHICLE,0,0
57.9936,-1080.3523,0.1492,181.2320,VEHICLE,0,0
57.9842,-1084.5579,0.1585,185.1665,VEHICLE,0,0
58.2497,-1088.9519,0.0598,188.3875,VEHICLE,0,0
58.7802,-1093.5096,-0.1282,191.1038,VEHICLE,0,0
59.5683,-1098.1897,-0.3661,193.6670,VEHICLE,0,0
60.7150,-1103.3069,-0.5121,195.6578,VEHICLE,0,0
61.8325,-1107.4604,-0.4191,196.8206,VEHICLE,0,0
63.0710,-1111.6273,-0.1508,198.0442,VEHICLE,0,0
64.4307,-1115.8821,0.1152,198.9204,VEHICLE,0,0
65.7802,-1119.8655,0.2103,199.3925,VEHICLE,0,0
67.0733,-1123.5256,0.1757,199.6116,VEHICLE,0,0
68.4595,-1127.3542,0.0504,199.6869,VEHICLE,0,0
69.9085,-1131.3223,-0.1143,199.6728,VEHICLE,0,0
71.3751,-1135.3572,-0.2398,199.6331,VEHICLE,0,0
72.8311,-1139.4015,-0.3006,199.5647,VEHICLE,0,0
74.2761,-1143.4512,-0.3059,199.4573,VEHICLE,0,0
75.7259,-1147.5302,-0.2789,199.0267,VEHICLE,0,0
77.0974,-1151.4572,-0.2706,197.7675,VEHICLE,0,0
78.2248,-1154.8804,-0.2874,195.9387,VEHICLE,0,0
78.9756,-1157.3767,-0.2730,194.1306,VEHICLE,0,0
79.7054,-1160.0997,-0.1937,191.2241,VEHICLE,0,0
80.3226,-1162.8964,-0.1200,187.2134,VEHICLE,0,0
80.7393,-1165.4323,-0.1357,183.0444,VEHICLE,0,0
81.0436,-1168.5703,-0.2514,177.4529,VEHICLE,0,0
81.0794,-1171.8235,-0.4136,171.3911,VEHICLE,0,0
80.7687,-1175.0582,-0.5254,166.0267,VEHICLE,0,0
80.1228,-1178.1783,-0.5392,161.8999,VEHICLE,0,0
78.9240,-1182.0405,-0.4232,158.2599,VEHICLE,0,0
77.4374,-1185.8676,-0.2379,155.9505,VEHICLE,0,0
75.9149,-1189.3634,-0.0922,154.5956,VEHICLE,0,0
74.2064,-1193.0160,-0.0057,153.7089,VEHICLE,0,0
72.5849,-1196.3220,0.0130,153.2418,VEHICLE,0,0
70.8605,-1199.7369,0.0087,152.9586,VEHICLE,0,0
69.0716,-1203.2256,0.0228,152.7846,VEHICLE,0,0
66.5363,-1208.1361,0.0624,152.4756,VEHICLE,0,0
64.5903,-1211.8761,0.0532,152.2369,VEHICLE,0,0
62.2860,-1216.2681,0.0095,151.9910,VEHICLE,0,0
60.2126,-1220.1902,-0.0123,151.8151,VEHICLE,0,0
58.0859,-1224.1827,-0.0185,151.7310,VEHICLE,0,0
55.5777,-1228.8646,-0.0458,152.1166,VEHICLE,0,0
53.3590,-1233.0499,-0.0684,152.6287,VEHICLE,0,0
50.8040,-1237.9622,-0.0773,153.1277,VEHICLE,0,0
48.5767,-1242.3175,-0.0754,153.6292,VEHICLE,0,0
46.3471,-1246.7518,-0.0872,154.6041,VEHICLE,0,0
43.8636,-1251.8719,-0.1182,156.3539,VEHICLE,0,0
41.7300,-1256.5680,-0.1515,158.4860,VEHICLE,0,0
39.5913,-1261.7354,-0.1854,161.2369,VEHICLE,0,0
38.0121,-1266.0836,-0.2054,163.8543,VEHICLE,0,0
36.6011,-1270.6262,-0.2132,166.8929,VEHICLE,0,0
35.3968,-1275.4266,-0.1990,170.1505,VEHICLE,0,0
34.4925,-1280.2048,-0.1362,172.7379,VEHICLE,0,0
33.9457,-1284.0004,-0.0685,174.3080,VEHICLE,0,0
33.3866,-1289.0687,-0.0227,175.8403,VEHICLE,0,0
32.9638,-1294.2489,-0.0531,176.8882,VEHICLE,0,0
32.6779,-1298.9250,-0.0954,177.5309,VEHICLE,0,0
32.4514,-1303.7303,-0.1157,178.0720,VEHICLE,0,0
32.2529,-1309.2140,-0.1185,178.9820,VEHICLE,0,0
32.1355,-1314.6639,-0.1107,180.3183,VEHICLE,0,0
32.1340,-1320.1018,-0.0694,181.6116,VEHICLE,0,0
32.2533,-1325.6089,-0.0126,182.6160,VEHICLE,0,0
32.4787,-1331.2889,0.0134,183.3903,VEHICLE,0,0
32.8310,-1337.8174,-0.0162,184.0411,VEHICLE,0,0
33.2212,-1343.8231,-0.0613,184.4723,VEHICLE,0,0
33.6598,-1349.8015,-0.0956,184.7784,VEHICLE,0,0
34.1385,-1355.7639,-0.1041,185.0016,VEHICLE,0,0
34.6476,-1361.7079,-0.0836,185.1753,VEHICLE,0,0
35.1785,-1367.6417,-0.0422,185.3015,VEHICLE,0,0
35.6660,-1372.9425,-0.0029,185.3709,VEHICLE,0,0
36.2368,-1379.0292,0.0190,185.4084,VEHICLE,0,0
36.7742,-1384.6823,0.0112,185.4177,VEHICLE,0,0
37.3785,-1390.9956,-0.0111,185.4147,VEHICLE,0,0
37.9893,-1397.3717,-0.0389,185.4057,VEHICLE,0,0
38.6016,-1403.7883,-0.0631,185.3934,VEHICLE,0,0
39.2103,-1410.2068,-0.0753,185.3784,VEHICLE,0,0
39.7372,-1415.7919,-0.0722,185.3654,VEHICLE,0,0
40.2593,-1421.3468,-0.0553,185.3550,VEHICLE,0,0
40.7934,-1427.0431,-0.0293,185.3497,VEHICLE,0,0
41.3171,-1432.6367,-0.0061,185.3502,VEHICLE,0,0
41.8442,-1438.2723,0.0056,185.3548,VEHICLE,0,0
42.4548,-1444.8022,-0.0008,185.3613,VEHICLE,0,0
42.9970,-1450.5985,-0.0205,185.3661,VEHICLE,0,0
43.6177,-1457.2068,-0.0414,185.2754,VEHICLE,0,0
44.1514,-1462.9003,-0.0704,184.6725,VEHICLE,0,0
44.6350,-1468.4872,-0.1194,183.4747,VEHICLE,0,0
45.0573,-1474.7396,-0.1563,182.0711,VEHICLE,0,0
45.2992,-1480.1447,-0.1603,181.0739,VEHICLE,0,0
45.4503,-1486.2799,-0.1467,180.1351,VEHICLE,0,0
45.4985,-1491.5903,-0.1440,179.1546,VEHICLE,0,0
45.4492,-1497.5844,-0.1275,177.9488,VEHICLE,0,0
45.3064,-1502.6746,-0.0719,177.1269,VEHICLE,0,0
45.0836,-1507.6957,0.0155,176.5054,VEHICLE,0,0
44.7976,-1512.7263,0.1008,176.0846,VEHICLE,0,0
44.4120,-1518.6161,0.0998,175.7852,VEHICLE,0,0
44.0367,-1523.8716,-0.0124,175.6159,VEHICLE,0,0
43.6311,-1529.2244,-0.1469,175.5055,VEHICLE,0,0
43.2099,-1534.5663,-0.2560,175.4156,VEHICLE,0,0
42.7912,-1539.7621,-0.3052,175.3200,VEHICLE,0,0
42.3956,-1544.6093,-0.2605,175.2089,VEHICLE,0,0
42.0158,-1549.1971,-0.1459,175.1213,VEHICLE,0,0
41.6310,-1553.7560,-0.0065,175.0522,VEHICLE,0,0
41.1756,-1559.0486,0.1072,174.9846,VEHICLE,0,0
40.6935,-1564.5806,0.1210,174.9224,VEHICLE,0,0
40.1961,-1570.2435,0.0443,174.8644,VEHICLE,0,0
39.6858,-1576.0078,-0.0443,174.8189,VEHICLE,0,0
39.1668,-1581.8115,-0.0993,174.7938,VEHICLE,0,0
38.6396,-1587.6437,-0.1349,174.7627,VEHICLE,0,0
38.1012,-1593.5438,-0.1570,174.7320,VEHICLE,0,0
37.4877,-1600.2104,-0.1599,174.7201,VEHICLE,0,0
36.8642,-1606.9452,-0.1511,174.9599,VEHICLE,0,0
36.3308,-1612.9095,-0.0986,175.2287,VEHICLE,0,0
35.7853,-1619.3551,0.0168,175.4412,VEHICLE,0,0
35.2665,-1625.8099,0.1495,175.6130,VEHICLE,0,0
34.7580,-1632.3857,0.2034,175.7426,VEHICLE,0,0
34.2487,-1639.1587,0.0534,175.9269,VEHICLE,0,0
33.8023,-1645.3333,-0.2342,176.1759,VEHICLE,0,0
33.3262,-1652.3315,-0.5074,176.3985,VEHICLE,0,0
32.8864,-1659.2289,-0.4398,176.4861,VEHICLE,0,0
32.6117,-1663.6299,-0.1254,176.4890,VEHICLE,0,0
32.3383,-1667.9777,0.2257,176.5018,VEHICLE,0,0
32.0848,-1672.0957,0.3774,176.4662,VEHICLE,0,0
31.8221,-1676.4768,0.3167,176.5122,VEHICLE,0,0
31.5884,-1680.4971,0.1217,176.8800,VEHICLE,0,0
31.3349,-1685.2869,-0.1439,177.3136,VEHICLE,0,0
31.1264,-1689.6168,-0.3822,177.5676,VEHICLE,0,0
30.9044,-1694.5951,-0.5815,177.7299,VEHICLE,0,0
30.7283,-1698.8679,-0.5623,177.6612,VEHICLE,0,0
30.5596,-1702.9397,-0.3864,177.7979,VEHICLE,0,0
30.4063,-1706.8485,-0.1296,178.5234,VEHICLE,0,0
30.2936,-1710.8274,0.1283,179.2532,VEHICLE,0,0
30.2316,-1714.4821,0.2869,179.7597,VEHICLE,0,0
30.2034,-1718.3099,0.3444,180.1329,VEHICLE,0,0
30.2033,-1722.3258,0.2739,180.5666,VEHICLE,0,0
30.2462,-1727.1353,0.0257,181.1749,VEHICLE,0,0
30.3425,-1732.1332,-0.2860,181.6511,VEHICLE,0,0
30.4777,-1737.1135,-0.4959,181.9727,VEHICLE,0,0
30.6382,-1742.0341,-0.5146,182.3763,VEHICLE,0,0
30.8003,-1746.1899,-0.3732,183.3805,VEHICLE,0,0
31.0185,-1750.0911,-0.1331,184.5280,VEHICLE,0,0
31.3210,-1754.1079,0.0739,185.4830,VEHICLE,0,0
31.7070,-1758.3569,0.1199,186.2334,VEHICLE,0,0
32.1689,-1762.8311,0.0228,186.7927,VEHICLE,0,0
32.7828,-1768.2200,-0.0877,187.6058,VEHICLE,0,0
33.4667,-1773.5109,-0.1275,188.7237,VEHICLE,0,0
34.2742,-1778.9219,-0.1230,189.6494,VEHICLE,0,0
35.1982,-1784.4777,-0.1119,190.3222,VEHICLE,0,0
36.2328,-1790.2609,-0.1828,190.7897,VEHICLE,0,0
37.3444,-1796.1725,-0.2680,191.1183,VEHICLE,0,0
38.4389,-1801.7866,-0.2102,191.5856,VEHICLE,0,0
39.6127,-1807.5417,0.0238,192.0759,VEHICLE,0,0
40.5913,-1812.1757,0.1984,192.5249,VEHICLE,0,0
41.7914,-1817.6345,0.1591,193.2227,VEHICLE,0,0
43.0856,-1823.2233,-0.1187,193.7686,VEHICLE,0,0
44.1629,-1827.7151,-0.3753,194.0966,VEHICLE,0,0
45.6073,-1833.5311,-0.2938,194.3660,VEHICLE,0,0
46.9018,-1838.6075,-0.0846,194.5075,VEHICLE,0,0
48.2131,-1843.6986,0.1369,194.8567,VEHICLE,0,0
49.6180,-1849.0313,0.1658,195.7793,VEHICLE,0,0
51.1101,-1854.3895,0.0330,196.6371,VEHICLE,0,0
52.5513,-1859.3116,-0.1464,197.2291,VEHICLE,0,0
54.5093,-1865.7107,-0.3038,197.7672,VEHICLE,0,0
56.6083,-1872.3000,-0.2887,198.1291,VEHICLE,0,0
58.1663,-1877.0767,-0.1810,198.3043,VEHICLE,0,0
59.7347,-1881.8318,-0.0268,198.4126,VEHICLE,0,0
61.3311,-1886.6500,0.1353,198.9185,VEHICLE,0,0
63.0065,-1891.5803,0.2323,199.7060,VEHICLE,0,0
64.8120,-1896.6881,0.1598,200.3649,VEHICLE,0,0
66.7359,-1901.9507,-0.0951,200.8995,VEHICLE,0,0
68.7453,-1907.3053,-0.3833,201.8384,VEHICLE,0,0
70.8608,-1912.6748,-0.5083,203.4886,VEHICLE,0,0
72.6100,-1916.7361,-0.3085,204.8726,VEHICLE,0,0
74.1361,-1920.0481,-0.0342,205.9661,VEHICLE,0,0
75.7982,-1923.5219,0.0891,208.0093,VEHICLE,0,0
77.6740,-1927.1799,-0.0102,210.9427,VEHICLE,0,0
79.8102,-1930.9230,-0.1797,213.6102,VEHICLE,0,0
82.1397,-1934.5850,-0.2713,215.5814,VEHICLE,0,0
84.6201,-1938.1532,-0.2795,217.2657,VEHICLE,0,0
87.2668,-1941.7018,-0.2660,219.1561,VEHICLE,0,0
90.0910,-1945.2344,-0.2052,220.6838,VEHICLE,0,0
93.0092,-1948.6869,-0.0798,222.0341,VEHICLE,0,0
96.0077,-1952.0615,0.0916,223.4525,VEHICLE,0,0
99.2085,-1955.4879,0.1853,224.5933,VEHICLE,0,0
102.6191,-1958.9939,0.0692,225.5700,VEHICLE,0,0
106.6826,-1963.0145,-0.2519,226.8166,VEHICLE,0,0
110.7308,-1966.8488,-0.4326,227.8218,VEHICLE,0,0
114.0386,-1969.8744,-0.3895,228.6754,VEHICLE,0,0
117.1850,-1972.6692,-0.2566,230.3502,VEHICLE,0,0
120.4003,-1975.3815,-0.1120,233.0420,VEHICLE,0,0
123.7745,-1978.0021,0.0035,236.5855,VEHICLE,0,0
127.3764,-1980.5023,0.0515,240.8247,VEHICLE,0,0
131.7540,-1983.1034,-0.0192,245.5670,VEHICLE,0,0
136.4881,-1985.4308,-0.2075,249.3873,VEHICLE,0,0
140.8394,-1987.2136,-0.3463,251.9979,VEHICLE,0,0
145.0861,-1988.6965,-0.3908,254.6595,VEHICLE,0,0
149.1209,-1989.8734,-0.3388,257.8153,VEHICLE,0,0
153.0563,-1990.7773,-0.1898,260.6831,VEHICLE,0,0
157.0655,-1991.4835,0.0049,262.8546,VEHICLE,0,0
161.2654,-1992.0543,0.1375,264.3905,VEHICLE,0,0
165.7263,-1992.5260,0.1363,265.4389,VEHICLE,0,0
170.4536,-1992.9189,-0.0071,266.1208,VEHICLE,0,0
175.3828,-1993.2516,-0.2237,266.5493,VEHICLE,0,0
180.3488,-1993.5419,-0.3612,266.8654,VEHICLE,0,0
184.5084,-1993.7721,-0.3748,267.3817,VEHICLE,0,0
189.0272,-1993.9905,-0.2929,268.5262,VEHICLE,0,0
192.9116,-1994.1112,-0.1563,269.5110,VEHICLE,0,0
197.4457,-1994.1686,0.0098,270.4392,VEHICLE,0,0
201.5561,-1994.1604,0.1044,271.0699,VEHICLE,0,0
205.8116,-1994.1094,0.1349,271.5611,VEHICLE,0,0
210.2406,-1994.0219,0.0938,271.9699,VEHICLE,0,0
214.8251,-1993.8995,-0.0295,272.3383,VEHICLE,0,0
219.5493,-1993.7395,-0.1955,272.6599,VEHICLE,0,0
224.3010,-1993.5428,-0.3242,272.9120,VEHICLE,0,0
228.9072,-1993.3219,-0.3706,273.1155,VEHICLE,0,0
233.3376,-1993.0884,-0.3281,273.2945,VEHICLE,0,0
237.6441,-1992.8480,-0.2133,273.4542,VEHICLE,0,0
241.9543,-1992.5955,-0.0621,273.5955,VEHICLE,0,0
246.3402,-1992.3259,0.0829,273.7100,VEHICLE,0,0
250.8516,-1992.0372,0.1789,273.7969,VEHICLE,0,0
255.4259,-1991.7399,0.1383,274.0767,VEHICLE,0,0
259.9352,-1991.4338,-0.0927,274.7386,VEHICLE,0,0
264.4538,-1991.0824,-0.3085,275.5572,VEHICLE,0,0
268.7906,-1990.6840,-0.3880,276.2349,VEHICLE,0,0
272.8222,-1990.2593,-0.3350,276.7278,VEHICLE,0,0
276.7814,-1989.8016,-0.2199,277.1055,VEHICLE,0,0
280.8388,-1989.3042,-0.1353,277.3984,VEHICLE,0,0
285.0350,-1988.7671,-0.1301,277.5713,VEHICLE,0,0
289.3181,-1988.2004,-0.1542,277.2809,VEHICLE,0,0
293.5844,-1987.6490,-0.1199,276.8106,VEHICLE,0,0
297.7515,-1987.1404,-0.0245,276.4011,VEHICLE,0,0
301.9688,-1986.6565,0.0893,276.0655,VEHICLE,0,0
306.3115,-1986.1847,0.1446,275.7969,VEHICLE,0,0
310.8036,-1985.7161,0.1077,275.4217,VEHICLE,0,0
315.4306,-1985.2603,0.0258,274.8849,VEHICLE,0,0
320.1564,-1984.8354,-0.0481,274.3979,VEHICLE,0,0
324.9962,-1984.4418,-0.1294,274.0056,VEHICLE,0,0
329.9527,-1984.0747,-0.2289,273.6991,VEHICLE,0,0
334.9285,-1983.7358,-0.2966,273.4690,VEHICLE,0,0
339.6596,-1983.4351,-0.2851,273.0842,VEHICLE,0,0
344.0544,-1983.1868,-0.1867,272.6216,VEHICLE,0,0
348.3163,-1982.9812,-0.0318,272.2247,VEHICLE,0,0
352.6237,-1982.8038,0.1262,271.9202,VEHICLE,0,0
357.0394,-1982.6464,0.2073,271.6961,VEHICLE,0,0
362.2740,-1982.4835,0.1983,271.5107,VEHICLE,0,0
367.7658,-1982.3325,0.1016,271.3901,VEHICLE,0,0
373.4077,-1982.1899,-0.0952,271.3216,VEHICLE,0,0
379.2113,-1982.0499,-0.3358,271.2767,VEHICLE,0,0
384.1111,-1981.9357,-0.4560,271.2538,VEHICLE,0,0
389.1204,-1981.8240,-0.4167,271.2480,VEHICLE,0,0
393.1271,-1981.7374,-0.2657,271.2646,VEHICLE,0,0
397.6571,-1981.6383,-0.0421,271.3033,VEHICLE,0,0
402.3181,-1981.5331,0.1323,271.3470,VEHICLE,0,0
406.5640,-1981.4349,0.2152,271.3723,VEHICLE,0,0
411.6871,-1981.3159,0.2097,271.3939,VEHICLE,0,0
416.9572,-1981.1935,0.0602,271.4294,VEHICLE,0,0
422.4170,-1981.0647,-0.2177,271.4781,VEHICLE,0,0
427.2117,-1980.9468,-0.4238,271.5139,VEHICLE,0,0
431.7339,-1980.8306,-0.5050,271.5407,VEHICLE,0,0
435.9109,-1980.7195,-0.4488,271.5851,VEHICLE,0,0
439.8439,-1980.6113,-0.2962,271.6610,VEHICLE,0,0
443.7388,-1980.5029,-0.1000,271.9539,VEHICLE,0,0
447.6767,-1980.3838,0.0797,273.1012,VEHICLE,0,0
451.7013,-1980.1990,0.2346,274.4946,VEHICLE,0,0
455.8560,-1979.9211,0.3237,275.7054,VEHICLE,0,0
460.7954,-1979.4951,0.2558,276.8912,VEHICLE,0,0
465.2473,-1979.0391,0.0536,277.7509,VEHICLE,0,0
469.8174,-1978.4968,-0.1817,278.1018,VEHICLE,0,0
474.2989,-1977.9091,-0.3716,277.4134,VEHICLE,0,0
478.5357,-1977.3613,-0.4562,276.3801,VEHICLE,0,0
482.5798,-1976.8928,-0.4301,275.5548,VEHICLE,0,0
486.4742,-1976.5044,-0.3130,274.9933,VEHICLE,0,0
490.3212,-1976.1654,-0.1403,274.6829,VEHICLE,0,0
494.2291,-1975.8435,0.0498,274.5182,VEHICLE,0,0
498.2487,-1975.5201,0.2034,274.4026,VEHICLE,0,0
501.8336,-1975.2350,0.2668,274.2990,VEHICLE,0,0
506.1749,-1974.8973,0.2316,274.1833,VEHICLE,0,0
510.7489,-1974.5555,0.0390,274.0990,VEHICLE,0,0
515.3970,-1974.2251,-0.2239,274.0557,VEHICLE,0,0
520.1273,-1973.9005,-0.4610,274.0351,VEHICLE,0,0
524.6544,-1973.5923,-0.5829,273.9750,VEHICLE,0,0
528.4891,-1973.3279,-0.5004,273.7697,VEHICLE,0,0
531.7935,-1973.1022,-0.2641,273.4831,VEHICLE,0,0
535.0278,-1972.8931,0.0185,273.2239,VEHICLE,0,0
538.4252,-1972.6915,0.2092,273.0196,VEHICLE,0,0
542.0153,-1972.4917,0.2316,272.6096,VEHICLE,0,0
546.3376,-1972.2789,0.0672,271.7790,VEHICLE,0,0
550.2628,-1972.1301,-0.0989,271.0975,VEHICLE,0,0
554.7748,-1972.0162,-0.1942,270.5027,VEHICLE,0,0
559.3574,-1971.9573,-0.2287,270.0106,VEHICLE,0,0
564.1097,-1971.9426,-0.2910,269.5780,VEHICLE,0,0
568.9404,-1971.9661,-0.3405,269.2877,VEHICLE,0,0
573.6678,-1972.0161,-0.2893,269.1485,VEHICLE,0,0
578.9871,-1972.0914,-0.0807,269.0016,VEHICLE,0,0
582.9243,-1972.1544,0.0968,268.9308,VEHICLE,0,0
587.5815,-1972.2371,0.1990,268.9190,VEHICLE,0,0
592.4289,-1972.3313,0.1888,268.9304,VEHICLE,0,0
596.7972,-1972.4198,0.1492,268.9407,VEHICLE,0,0
601.3007,-1972.5099,0.0846,268.9846,VEHICLE,0,0
606.6446,-1972.6096,-0.1186,269.0650,VEHICLE,0,0
612.1488,-1972.6997,-0.4211,269.1266,VEHICLE,0,0
617.3964,-1972.7753,-0.5847,269.2260,VEHICLE,0,0
621.7801,-1972.8357,-0.4905,269.4785,VEHICLE,0,0
625.7318,-1972.8816,-0.2738,270.3745,VEHICLE,0,0
629.7305,-1972.8704,-0.0586,271.5128,VEHICLE,0,0
633.9343,-1972.7815,0.0735,272.4691,VEHICLE,0,0
638.3254,-1972.6215,0.1429,273.1792,VEHICLE,0,0
642.8777,-1972.4049,0.1669,273.9234,VEHICLE,0,0
646.8040,-1972.1823,0.0983,275.2382,VEHICLE,0,0
651.7540,-1971.8091,-0.1427,277.6752,VEHICLE,0,0
656.8237,-1971.2426,-0.4415,280.4321,VEHICLE,0,0
661.5374,-1970.4780,-0.5687,282.4174,VEHICLE,0,0
665.6362,-1969.6172,-0.4719,283.6803,VEHICLE,0,0
669.5338,-1968.6776,-0.2675,284.5791,VEHICLE,0,0
673.0643,-1967.7723,-0.1322,285.1314,VEHICLE,0,0
676.7308,-1966.7964,-0.0871,285.6152,VEHICLE,0,0
680.8315,-1965.6622,-0.1963,286.5983,VEHICLE,0,0
684.1668,-1964.6892,-0.2868,288.1404,VEHICLE,0,0
687.2338,-1963.7198,-0.2329,290.5466,VEHICLE,0,0
690.1665,-1962.6720,-0.1150,293.6846,VEHICLE,0,0
693.1075,-1961.4535,-0.0363,297.3473,VEHICLE,0,0
695.9445,-1960.0951,-0.1072,300.3091,VEHICLE,0,0
698.6536,-1958.6279,-0.2963,302.5149,VEHICLE,0,0
701.3043,-1957.0265,-0.4037,304.7469,VEHICLE,0,0
703.8551,-1955.3379,-0.4053,307.4116,VEHICLE,0,0
706.2896,-1953.5582,-0.3292,310.6609,VEHICLE,0,0
708.6534,-1951.6263,-0.2376,314.4729,VEHICLE,0,0
710.9530,-1949.4955,-0.1794,318.6725,VEHICLE,0,0
713.1035,-1947.2092,-0.2112,322.3521,VEHICLE,0,0
715.0107,-1944.9021,-0.3770,325.1511,VEHICLE,0,0
716.6600,-1942.6671,-0.5844,327.5613,VEHICLE,0,0
718.0986,-1940.5068,-0.6580,330.4593,VEHICLE,0,0
719.4482,-1938.2349,-0.5766,334.4515,VEHICLE,0,0
720.6256,-1935.9348,-0.4744,339.0944,VEHICLE,0,0
721.6710,-1933.4504,-0.4310,344.1750,VEHICLE,0,0
722.5350,-1930.7662,-0.4139,348.6373,VEHICLE,0,0
723.2512,-1927.6743,-0.4084,352.4051,VEHICLE,0,0
723.7410,-1924.6501,-0.4085,355.1376,VEHICLE,0,0
724.0794,-1921.5155,-0.3820,357.4567,VEHICLE,0,0
724.2812,-1918.2869,-0.3367,359.2345,VEHICLE,0,0
724.3705,-1914.9578,-0.2703,0.4925,VEHICLE,0,0
724.3685,-1911.5377,-0.1903,1.0747,VEHICLE,0,0
724.3124,-1907.9951,-0.1151,1.2710,VEHICLE,0,0
724.2275,-1904.3215,-0.0581,1.3010,VEHICLE,0,0
724.1276,-1900.5251,-0.0192,1.2341,VEHICLE,0,0
724.0373,-1897.1853,0.0090,1.1215,VEHICLE,0,0
723.9442,-1893.7882,0.0477,0.5993,VEHICLE,0,0
723.8727,-1890.3468,0.1081,359.7443,VEHICLE,0,0
723.8492,-1886.2738,0.1940,358.8120,VEHICLE,0,0
723.8849,-1882.6893,0.2428,358.1134,VEHICLE,0,0
723.9885,-1878.3600,0.2298,357.4063,VEHICLE,0,0
724.1559,-1873.8746,0.1346,356.8339,VEHICLE,0,0
724.3824,-1869.2849,0.0222,356.4034,VEHICLE,0,0
724.6580,-1864.6423,-0.0560,356.0773,VEHICLE,0,0
724.9681,-1859.9867,-0.0957,355.8315,VEHICLE,0,0
725.2558,-1855.9342,-0.1137,355.7088,VEHICLE,0,0
725.5603,-1851.7970,-0.1417,355.6710,VEHICLE,0,0
725.9272,-1846.9065,-0.1916,355.6540,VEHICLE,0,0
726.3063,-1841.9406,-0.2410,355.6010,VEHICLE,0,0
726.6983,-1836.9026,-0.2751,355.5403,VEHICLE,0,0
727.0998,-1831.8158,-0.2945,355.4812,VEHICLE,0,0
727.5080,-1826.6877,-0.3035,355.4359,VEHICLE,0,0
727.8596,-1822.2935,-0.2953,355.3911,VEHICLE,0,0
728.2672,-1817.2216,-0.2556,355.3406,VEHICLE,0,0
728.6679,-1812.2660,-0.1808,355.3221,VEHICLE,0,0
729.0148,-1808.0043,-0.0971,355.3092,VEHICLE,0,0
729.3622,-1803.7601,-0.0077,355.2770,VEHICLE,0,0
729.7137,-1799.4918,0.0823,355.2984,VEHICLE,0,0
730.1252,-1794.4558,0.1834,355.5465,VEHICLE,0,0
730.4666,-1790.0793,0.2665,355.8083,VEHICLE,0,0
730.7945,-1785.6245,0.3218,356.0322,VEHICLE,0,0
731.1289,-1780.8177,0.3236,356.2047,VEHICLE,0,0
731.4394,-1776.1616,0.2653,356.3369,VEHICLE,0,0
731.7986,-1770.6465,0.1747,356.7286,VEHICLE,0,0
732.1361,-1765.0934,0.0763,357.4366,VEHICLE,0,0
732.3855,-1760.2867,-0.0082,358.0460,VEHICLE,0,0
732.5904,-1755.4076,-0.0991,358.5918,VEHICLE,0,0
732.7600,-1750.0680,-0.1961,359.0916,VEHICLE,0,0
732.8709,-1745.1786,-0.2712,359.4447,VEHICLE,0,0
732.9440,-1740.3242,-0.3272,359.7123,VEHICLE,0,0
732.9886,-1734.9839,-0.3523,359.8954,VEHICLE,0,0
733.0121,-1729.7471,-0.4035,359.9039,VEHICLE,0,0
733.0274,-1725.2656,-0.4966,359.7863,VEHICLE,0,0
733.0399,-1722.0449,-0.5195,359.7448,VEHICLE,0,0
733.0513,-1719.5385,-0.4953,359.9030,VEHICLE,0,0
733.0571,-1717.3274,-0.4610,0.2723,VEHICLE,0,0
733.0496,-1714.9785,-0.4348,1.0272,VEHICLE,0,0
733.0148,-1712.7969,-0.4327,1.8966,VEHICLE,0,0
732.9509,-1710.7566,-0.4476,2.7061,VEHICLE,0,0
732.8640,-1708.8495,-0.4651,3.4119,VEHICLE,0,0
732.7565,-1706.9888,-0.4452,3.9859,VEHICLE,0,0
732.6001,-1704.6917,-0.3373,4.5044,VEHICLE,0,0
732.4553,-1702.7958,-0.2289,4.8068,VEHICLE,0,0
732.2607,-1700.4783,-0.1141,4.7911,VEHICLE,0,0
732.0491,-1697.9861,-0.0410,4.5791,VEHICLE,0,0
731.8213,-1695.2156,-0.0042,4.3702,VEHICLE,0,0
731.5958,-1692.3710,0.0117,4.2119,VEHICLE,0,0
731.3654,-1689.3673,0.0020,4.0807,VEHICLE,0,0
731.1404,-1686.3704,-0.0840,3.9912,VEHICLE,0,0
730.9291,-1683.4899,-0.2317,3.9372,VEHICLE,0,0
730.7285,-1680.6276,-0.2327,3.9124,VEHICLE,0,0
730.5313,-1677.7543,-0.1027,3.9389,VEHICLE,0,0
730.3260,-1674.7772,0.0327,3.9909,VEHICLE,0,0
730.1055,-1671.6256,0.1041,3.9892,VEHICLE,0,0
729.8635,-1668.1831,0.0911,3.6426,VEHICLE,0,0
729.6614,-1665.0795,0.0249,3.2939,VEHICLE,0,0
729.4461,-1661.4132,-0.0751,2.9551,VEHICLE,0,0
729.2457,-1657.6260,-0.1785,2.7068,VEHICLE,0,0
729.0828,-1654.2859,-0.2467,2.5499,VEHICLE,0,0
728.9011,-1650.3063,-0.2829,2.4203,VEHICLE,0,0
728.7508,-1646.8396,-0.2734,2.3368,VEHICLE,0,0
728.5726,-1642.5482,-0.2322,2.2541,VEHICLE,0,0
728.4030,-1638.2909,-0.2031,2.1871,VEHICLE,0,0
728.2347,-1633.9259,-0.2170,2.1307,VEHICLE,0,0
728.0717,-1629.5785,-0.2584,2.0807,VEHICLE,0,0
727.9230,-1625.5417,-0.2798,2.0381,VEHICLE,0,0
727.7614,-1621.1096,-0.3359,2.0173,VEHICLE,0,0
727.6155,-1617.1163,-0.4551,2.0521,VEHICLE,0,0
727.4932,-1613.7932,-0.5153,2.2040,VEHICLE,0,0
727.3853,-1610.9067,-0.3928,2.4374,VEHICLE,0,0
727.2702,-1608.0510,-0.1807,2.6861,VEHICLE,0,0
727.1349,-1605.0354,-0.0139,2.8882,VEHICLE,0,0
726.9775,-1601.8348,0.0504,3.0411,VEHICLE,0,0
726.7990,-1598.4421,0.0280,3.1290,VEHICLE,0,0
726.6017,-1594.8962,-0.0429,2.8516,VEHICLE,0,0
726.4241,-1591.5197,-0.2150,2.4655,VEHICLE,0,0
726.2810,-1588.4260,-0.4027,2.1588,VEHICLE,0,0
726.1683,-1585.5872,-0.3881,1.9453,VEHICLE,0,0
726.0704,-1582.8529,-0.2162,1.7239,VEHICLE,0,0
725.9862,-1580.2307,-0.1227,1.4733,VEHICLE,0,0
725.9188,-1577.7719,-0.1616,1.2696,VEHICLE,0,0
725.8624,-1575.3247,-0.2939,1.0750,VEHICLE,0,0
725.8170,-1573.0464,-0.4360,0.6963,VEHICLE,0,0
725.7864,-1570.9567,-0.5025,0.0162,VEHICLE,0,0
725.7769,-1568.8859,-0.4028,359.1903,VEHICLE,0,0
725.7960,-1566.8259,-0.2563,358.4749,VEHICLE,0,0
725.8389,-1564.8619,-0.1963,357.9343,VEHICLE,0,0
725.8995,-1562.9603,-0.2375,357.4930,VEHICLE,0,0
725.9741,-1561.1257,-0.3441,357.1456,VEHICLE,0,0
726.0569,-1559.3923,-0.4490,356.8825,VEHICLE,0,0
726.1429,-1557.7755,-0.5020,356.6839,VEHICLE,0,0
726.2289,-1556.2725,-0.4926,356.5344,VEHICLE,0,0
726.3128,-1554.8680,-0.4441,356.4171,VEHICLE,0,0
726.3964,-1553.5333,-0.3891,356.3905,VEHICLE,0,0
726.4907,-1552.0815,-0.3503,356.5840,VEHICLE,0,0
726.5665,-1550.8615,-0.3458,356.8151,VEHICLE,0,0
726.6348,-1549.6836,-0.3646,357.0093,VEHICLE,0,0
726.7048,-1548.3905,-0.3969,357.1731,VEHICLE,0,0
726.7669,-1547.1700,-0.4189,357.2839,VEHICLE,0,0
726.8205,-1546.0646,-0.4108,357.3519,VEHICLE,0,0
726.8658,-1545.0934,-0.3716,357.3836,VEHICLE,0,0
726.9038,-1544.2578,-0.3260,357.4004,VEHICLE,0,0
726.9328,-1543.6155,-0.2991,357.4105,VEHICLE,0,0
726.9534,-1543.1591,-0.2926,357.4236,VEHICLE,0,0
726.9740,-1542.7067,-0.3000,357.4478,VEHICLE,0,0
726.9899,-1542.3561,-0.3127,357.4777,VEHICLE,0,0
727.0016,-1542.0997,-0.3203,357.5165,VEHICLE,0,0
727.0103,-1541.9093,-0.3164,357.5748,VEHICLE,0,0
727.0151,-1541.7975,-0.3045,357.6398,VEHICLE,0,0
727.0192,-1541.6986,-0.2927,357.7282,VEHICLE,0,0
727.0225,-1541.6146,-0.2946,357.8294,VEHICLE,0,0
727.0255,-1541.5359,-0.3143,357.9368,VEHICLE,0,0
727.0280,-1541.4595,-0.3470,358.0448,VEHICLE,0,0
727.0300,-1541.3850,-0.3834,358.1487,VEHICLE,0,0
727.0316,-1541.3126,-0.4167,358.2420,VEHICLE,0,0
727.0331,-1541.2424,-0.4455,358.3174,VEHICLE,0,0
727.0343,-1541.1738,-0.4739,358.3700,VEHICLE,0,0
727.0352,-1541.1152,-0.5022,358.3943,VEHICLE,0,0
727.0359,-1541.0499,-0.5401,358.3979,VEHICLE,0,0
727.0364,-1540.9863,-0.5815,358.3752,VEHICLE,0,0
727.0369,-1540.9244,-0.6208,358.3262,VEHICLE,0,0
727.0377,-1540.8639,-0.6530,358.2524,VEHICLE,0,0
727.0387,-1540.8051,-0.6761,358.1588,VEHICLE,0,0
727.0400,-1540.7550,-0.6894,358.0625,VEHICLE,0,0
727.0414,-1540.6997,-0.6989,357.9388,VEHICLE,0,0
727.0432,-1540.6523,-0.7032,357.8228,VEHICLE,0,0
727.0449,-1540.6063,-0.7034,357.7036,VEHICLE,0,0
727.0468,-1540.5548,-0.6969,357.5667,VEHICLE,0,0
727.0485,-1540.5111,-0.6840,357.4449,VEHICLE,0,0
727.0505,-1540.4628,-0.6604,357.3084,VEHICLE,0,0
727.0524,-1540.4156,-0.6288,357.1827,VEHICLE,0,0
727.0540,-1540.3700,-0.5916,357.0753,VEHICLE,0,0
727.0552,-1540.3313,-0.5567,357.0011,VEHICLE,0,0
727.0567,-1540.2877,-0.5152,356.9421,VEHICLE,0,0
727.0582,-1540.2456,-0.4738,356.9131,VEHICLE,0,0
727.0590,-1540.2096,-0.4382,356.9133,VEHICLE,0,0
727.0600,-1540.1696,-0.3991,356.9424,VEHICLE,0,0
727.0608,-1540.1400,-0.3711,356.9833,VEHICLE,0,0
727.0620,-1540.1067,-0.3418,357.0449,VEHICLE,0,0
727.0632,-1540.0735,-0.3164,357.1207,VEHICLE,0,0
727.0645,-1540.0417,-0.2971,357.2061,VEHICLE,0,0
727.0658,-1540.0109,-0.2837,357.2993,VEHICLE,0,0
727.0671,-1539.9806,-0.2764,357.3978,VEHICLE,0,0
727.0684,-1539.9509,-0.2750,357.4989,VEHICLE,0,0
727.0696,-1539.9220,-0.2793,357.5987,VEHICLE,0,0
727.0709,-1539.8931,-0.2891,357.6975,VEHICLE,0,0
727.0718,-1539.8657,-0.3038,357.7882,VEHICLE,0,0
727.0727,-1539.8390,-0.3231,357.8710,VEHICLE,0,0
727.0735,-1539.8090,-0.3497,357.9539,VEHICLE,0,0
727.0740,-1539.7832,-0.3757,358.0175,VEHICLE,0,0
727.0745,-1539.7549,-0.4069,358.0768,VEHICLE,0,0
727.0750,-1539.7266,-0.4389,358.1195,VEHICLE,0,0
727.0754,-1539.6993,-0.4691,358.1411,VEHICLE,0,0
727.0759,-1539.6730,-0.4971,358.1414,VEHICLE,0,0
727.0764,-1539.6508,-0.5189,358.1243,VEHICLE,0,0
727.0768,-1539.6283,-0.5379,358.0904,VEHICLE,0,0
727.0772,-1539.6069,-0.5528,358.0431,VEHICLE,0,0
727.0777,-1539.5831,-0.5656,357.9740,VEHICLE,0,0
727.0784,-1539.5599,-0.5736,357.8929,VEHICLE,0,0
727.0794,-1539.5375,-0.5771,357.8040,VEHICLE,0,0
727.0804,-1539.5159,-0.5763,357.7125,VEHICLE,0,0
727.0814,-1539.4946,-0.5723,357.6236,VEHICLE,0,0
727.0822,-1539.4763,-0.5664,357.5504,VEHICLE,0,0
727.0832,-1539.4562,-0.5577,357.4786,VEHICLE,0,0
727.0842,-1539.4366,-0.5477,357.4207,VEHICLE,0,0
